// OpenAssetTools XMODEL_EXPORT File
// Game Origin: IW5
// Zone Origin: common_mp
MODEL
VERSION 6

NUMBONES 105
BONE 0 -1 "tag_origin"
BONE 1 0 "j_mainroot"
BONE 2 1 "pelvis"
BONE 3 0 "tag_sync"
BONE 4 2 "j_hip_le"
BONE 5 2 "j_hip_ri"
BONE 6 2 "torso_stabilizer"
BONE 7 6 "j_spinelower"
BONE 8 7 "back_low"
BONE 9 2 "tag_stowed_hip_rear"
BONE 10 4 "j_hiptwist_le"
BONE 11 5 "j_hiptwist_ri"
BONE 12 4 "j_knee_le"
BONE 13 5 "j_knee_ri"
BONE 14 8 "j_spineupper"
BONE 15 14 "back_mid"
BONE 16 12 "j_ankle_le"
BONE 17 13 "j_ankle_ri"
BONE 18 12 "j_kneebuldgelow_le"
BONE 19 13 "j_kneebuldgelow_ri"
BONE 20 12 "j_kneebuldgeup_le"
BONE 21 13 "j_kneebuldgeup_ri"
BONE 22 15 "j_spine4"
BONE 23 10 "tag_stowed_hip_le"
BONE 24 16 "j_ball_le"
BONE 25 17 "j_ball_ri"
BONE 26 22 "j_clavicle_le"
BONE 27 22 "j_clavicle_ri"
BONE 28 22 "j_neck"
BONE 29 22 "tag_bipod"
BONE 30 22 "tag_inhand"
BONE 31 22 "tag_shield_back"
BONE 32 22 "tag_stowed_back"
BONE 33 22 "tag_weapon_chest"
BONE 34 28 "j_head"
BONE 35 26 "j_shoulder_le"
BONE 36 27 "j_shoulder_ri"
BONE 37 34 "j_brow_le"
BONE 38 34 "j_brow_ri"
BONE 39 34 "j_browouter_le"
BONE 40 34 "j_browouter_ri"
BONE 41 34 "j_cheek_le"
BONE 42 34 "j_cheek_ri"
BONE 43 34 "j_cheeklower_le"
BONE 44 34 "j_cheeklower_ri"
BONE 45 35 "j_elbow_bulge_le"
BONE 46 36 "j_elbow_bulge_ri"
BONE 47 35 "j_elbow_le"
BONE 48 36 "j_elbow_ri"
BONE 49 34 "j_eye_lid_bot_le"
BONE 50 34 "j_eye_lid_bot_ri"
BONE 51 34 "j_eye_lid_top_le"
BONE 52 34 "j_eye_lid_top_ri"
BONE 53 34 "j_eyeball_le"
BONE 54 34 "j_eyeball_ri"
BONE 55 34 "j_head_end"
BONE 56 34 "j_levator_le"
BONE 57 34 "j_levator_ri"
BONE 58 34 "j_lip_top_le"
BONE 59 34 "j_lip_top_ri"
BONE 60 34 "j_mouth_le"
BONE 61 34 "j_mouth_ri"
BONE 62 35 "j_shouldertwist_le"
BONE 63 36 "j_shouldertwist_ri"
BONE 64 34 "tag_eye"
BONE 65 55 "j_helmet"
BONE 66 47 "j_wrist_le"
BONE 67 48 "j_wrist_ri"
BONE 68 47 "j_wristtwist_le"
BONE 69 48 "j_wristtwist_ri"
BONE 70 62 "tag_reflector_arm_le"
BONE 71 63 "tag_reflector_arm_ri"
BONE 72 67 "j_gun"
BONE 73 66 "j_index_le_1"
BONE 74 67 "j_index_ri_1"
BONE 75 66 "j_mid_le_1"
BONE 76 67 "j_mid_ri_1"
BONE 77 66 "j_pinky_le_1"
BONE 78 67 "j_pinky_ri_1"
BONE 79 66 "j_ring_le_1"
BONE 80 67 "j_ring_ri_1"
BONE 81 66 "j_thumb_le_1"
BONE 82 67 "j_thumb_ri_1"
BONE 83 66 "tag_weapon_left"
BONE 84 67 "tag_weapon_right"
BONE 85 73 "j_index_le_2"
BONE 86 74 "j_index_ri_2"
BONE 87 75 "j_mid_le_2"
BONE 88 76 "j_mid_ri_2"
BONE 89 77 "j_pinky_le_2"
BONE 90 78 "j_pinky_ri_2"
BONE 91 79 "j_ring_le_2"
BONE 92 80 "j_ring_ri_2"
BONE 93 81 "j_thumb_le_2"
BONE 94 82 "j_thumb_ri_2"
BONE 95 85 "j_index_le_3"
BONE 96 86 "j_index_ri_3"
BONE 97 87 "j_mid_le_3"
BONE 98 88 "j_mid_ri_3"
BONE 99 89 "j_pinky_le_3"
BONE 100 90 "j_pinky_ri_3"
BONE 101 91 "j_ring_le_3"
BONE 102 92 "j_ring_ri_3"
BONE 103 93 "j_thumb_le_3"
BONE 104 94 "j_thumb_ri_3"

BONE 0
OFFSET 0.000000, 0.000000, 0.000000
SCALE 1.000000, 1.000000, 1.000000
X 1.000000, 0.000000, 0.000000
Y 0.000000, 1.000000, 0.000000
Z 0.000000, 0.000000, 1.000000

BONE 1
OFFSET -3.441000, -0.000006, 37.228001
SCALE 1.000000, 1.000000, 1.000000
X -0.024873, 0.000031, 0.999693
Y 0.999693, -0.000032, 0.024871
Z 0.000031, 1.000002, -0.000032

BONE 2
OFFSET -3.441000, -0.000006, 37.228001
SCALE 1.000000, 1.000000, 1.000000
X -0.024873, 0.000031, 0.999693
Y 0.999693, -0.000032, 0.024871
Z 0.000031, 1.000002, -0.000032

BONE 3
OFFSET -0.002280, 0.000000, -0.000000
SCALE 1.000000, 1.000000, 1.000000
X -1.000000, 0.000000, 0.000000
Y 0.000000, -1.000000, 0.000000
Z 0.000000, 0.000000, 1.000000

BONE 4
OFFSET -3.440855, 4.866630, 37.227859
SCALE 1.000000, 1.000000, 1.000000
X -0.033673, 0.000105, -0.999443
Y 0.999432, -0.004617, -0.033663
Z -0.004609, -0.999999, 0.000041

BONE 5
OFFSET -3.441154, -4.866660, 37.228127
SCALE 1.000000, 1.000000, 1.000000
X 0.033639, -0.009062, 0.999417
Y -0.999458, -0.000259, 0.033663
Z -0.000071, -0.999984, -0.009089

BONE 6
OFFSET -3.441000, -0.000006, 37.228001
SCALE 1.000000, 1.000000, 1.000000
X 1.000000, 0.000000, 0.000000
Y 0.000000, 1.000000, 0.000000
Z 0.000000, 0.000000, 1.000000

BONE 7
OFFSET -3.371172, -0.000004, 42.431503
SCALE 1.000000, 1.000000, 1.000000
X -0.029950, 0.000031, 0.999566
Y 0.999566, -0.000045, 0.029936
Z 0.000031, 1.000015, -0.000045

BONE 8
OFFSET -3.371172, -0.000004, 42.431503
SCALE 1.000000, 1.000000, 1.000000
X -0.029950, 0.000031, 0.999566
Y 0.999566, -0.000045, 0.029936
Z 0.000031, 1.000015, -0.000045

BONE 9
OFFSET -11.404463, 0.154168, 37.694107
SCALE 1.000000, 1.000000, 1.000000
X 0.033857, 0.138197, 0.989842
Y -0.009182, -0.990342, 0.138579
Z 0.999400, -0.013782, -0.032292

BONE 10
OFFSET -3.546881, 4.866961, 34.080036
SCALE 1.000000, 1.000000, 1.000000
X -0.033673, 0.000105, -0.999443
Y 0.999432, -0.004617, -0.033663
Z -0.004609, -0.999999, 0.000041

BONE 11
OFFSET -3.547180, -4.838120, 34.080437
SCALE 1.000000, 1.000000, 1.000000
X 0.033639, -0.009062, 0.999417
Y -0.999458, -0.000259, 0.033663
Z -0.000071, -0.999984, -0.009089

BONE 12
OFFSET -4.030393, 4.868464, 19.725050
SCALE 1.000000, 1.000000, 1.000000
X -0.167008, 0.000720, -0.985943
Y 0.985932, -0.004542, -0.167020
Z -0.004609, -0.999979, 0.000061

BONE 13
OFFSET -4.030692, -4.707936, 19.726057
SCALE 1.000000, 1.000000, 1.000000
X 0.167018, -0.008949, 0.985917
Y -0.985958, -0.001449, 0.167017
Z -0.000071, -0.999964, -0.009069

BONE 14
OFFSET -3.354010, 0.000153, 47.651291
SCALE 1.000000, 1.000000, 1.000000
X 0.020322, 0.000029, 0.999829
Y 0.999829, -0.000068, -0.020359
Z 0.000031, 1.000037, -0.000067

BONE 15
OFFSET -3.354010, 0.000153, 47.651291
SCALE 1.000000, 1.000000, 1.000000
X 0.020322, 0.000029, 0.999829
Y 0.999829, -0.000068, -0.020359
Z 0.000031, 1.000037, -0.000067

BONE 16
OFFSET -6.563374, 4.879384, 4.772444
SCALE 1.000000, 1.000000, 1.000000
X 0.008794, 0.009066, -0.999902
Y 0.999806, 0.016475, 0.008923
Z 0.016535, -0.999805, -0.008901

BONE 17
OFFSET -6.563684, -4.572242, 4.774048
SCALE 1.000000, 1.000000, 1.000000
X -0.008730, 0.000093, 0.999959
Y -0.999734, 0.021217, -0.008733
Z -0.021214, -0.999772, -0.000089

BONE 18
OFFSET -1.752494, 4.857829, 17.006397
SCALE 1.000000, 1.000000, 1.000000
X -0.167008, 0.000720, -0.985943
Y 0.985932, -0.004542, -0.167020
Z -0.004609, -0.999979, 0.000061

BONE 19
OFFSET -1.752767, -4.683455, 17.007515
SCALE 1.000000, 1.000000, 1.000000
X -0.175582, -0.007431, -0.984443
Y 0.984428, -0.010579, -0.175495
Z -0.009105, -0.999921, 0.009167

BONE 20
OFFSET -0.965879, 4.854468, 22.248652
SCALE 1.000000, 1.000000, 1.000000
X -0.167008, 0.000720, -0.985943
Y 0.985932, -0.004542, -0.167020
Z -0.004609, -0.999979, 0.000061

BONE 21
OFFSET -0.966147, -4.731029, 22.249554
SCALE 1.000000, 1.000000, 1.000000
X -0.175582, -0.007431, -0.984443
Y 0.984428, -0.010579, -0.175495
Z -0.009105, -0.999921, 0.009167

BONE 22
OFFSET -3.290674, 0.000275, 51.757870
SCALE 1.000000, 1.000000, 1.000000
X 0.046986, 0.000029, 0.998925
Y 0.998925, -0.000064, -0.047018
Z 0.000031, 1.000031, -0.000061

BONE 23
OFFSET -4.243554, 9.292722, 20.518896
SCALE 1.000000, 1.000000, 1.000000
X 0.025327, 0.007709, -0.999653
Y -0.072705, -0.997314, -0.009533
Z -0.997035, 0.072921, -0.024704

BONE 24
OFFSET -0.983450, 5.081750, 0.327849
SCALE 1.000000, 1.000000, 1.000000
X 0.983110, 0.014631, 0.182428
Y -0.182266, -0.011759, 0.983152
Z 0.016535, -0.999797, -0.008893

BONE 25
OFFSET -0.984772, -4.760655, 0.327587
SCALE 1.000000, 1.000000, 1.000000
X -0.983008, 0.020875, -0.182251
Y 0.182212, -0.003765, -0.983241
Z -0.021214, -0.999764, -0.000081

BONE 26
OFFSET -3.239003, 1.356240, 56.399803
SCALE 1.000000, 1.000000, 1.000000
X 0.019491, 0.997213, 0.072437
Y -0.999690, 0.018180, 0.018711
Z 0.017339, -0.072778, 0.997198

BONE 27
OFFSET -3.238942, -1.355493, 56.399975
SCALE 1.000000, 1.000000, 1.000000
X -0.019402, 0.997212, -0.072412
Y 0.999684, 0.018029, -0.018880
Z -0.017520, -0.072753, -0.997246

BONE 28
OFFSET -2.727777, 0.000519, 60.542168
SCALE 1.000000, 1.000000, 1.000000
X 0.309653, 0.000019, 0.950889
Y 0.950889, -0.000093, -0.309707
Z 0.000031, 1.000055, -0.000085

BONE 29
OFFSET 16.201660, -28.520941, 31.375685
SCALE 1.000000, 1.000000, 1.000000
X 1.000000, -0.000031, 0.000091
Y 0.000031, 1.000000, -0.000030
Z -0.000091, 0.000030, 1.000000

BONE 30
OFFSET 10.489919, -28.520678, 38.936172
SCALE 1.000000, 1.000000, 1.000000
X -0.000020, 1.000051, -0.000030
Y 0.764349, -0.000094, -0.644882
Z -0.644882, -0.000003, -0.764401

BONE 31
OFFSET -11.713314, 0.801847, 52.154354
SCALE 1.000000, 1.000000, 1.000000
X -0.989817, 0.000035, 0.142597
Y -0.000031, -1.000036, 0.000030
Z 0.142597, 0.000025, 0.989781

BONE 32
OFFSET -12.680298, -2.496740, 52.587601
SCALE 1.000000, 1.000000, 1.000000
X -0.099516, 0.327562, -0.939610
Y -0.872613, -0.482584, -0.075833
Z -0.478237, 0.812347, 0.333801

BONE 33
OFFSET 10.489919, -28.520678, 38.936172
SCALE 1.000000, 1.000000, 1.000000
X 1.000000, -0.000031, 0.000091
Y 0.000031, 1.000000, -0.000030
Z -0.000091, 0.000030, 1.000000

BONE 34
OFFSET -1.917187, 0.000584, 63.521118
SCALE 1.000000, 1.000000, 1.000000
X 0.216302, 0.000023, 0.976388
Y 0.976388, -0.000113, -0.216379
Z 0.000031, 1.000076, -0.000106

BONE 35
OFFSET -3.114297, 7.726346, 56.862530
SCALE 1.000000, 1.000000, 1.000000
X 0.260814, 0.662935, -0.701790
Y -0.956872, 0.273912, -0.096871
Z 0.128016, 0.696782, 0.705771

BONE 36
OFFSET -3.115160, -7.725617, 56.862545
SCALE 1.000000, 1.000000, 1.000000
X -0.260646, 0.663035, 0.701809
Y 0.956955, 0.273744, 0.096704
Z -0.128018, 0.696778, -0.705854

BONE 37
OFFSET 3.134683, 0.657900, 66.886101
SCALE 1.000000, 1.000000, 1.000000
X 0.000040, 1.000077, -0.000039
Y -1.000077, 0.000040, -0.000130
Z -0.000130, 0.000039, 1.000000

BONE 38
OFFSET 3.134630, -0.656832, 66.886208
SCALE 1.000000, 1.000000, 1.000000
X -0.000037, 1.000068, -0.000030
Y 1.000068, -0.000099, 0.000044
Z 0.000044, -0.000030, -1.000135

BONE 39
OFFSET 2.696665, 1.814542, 66.832016
SCALE 1.000000, 1.000000, 1.000000
X 0.000040, 1.000077, -0.000039
Y -1.000077, 0.000040, -0.000130
Z -0.000130, 0.000039, 1.000000

BONE 40
OFFSET 2.696451, -1.813383, 66.832375
SCALE 1.000000, 1.000000, 1.000000
X -0.000037, 1.000068, -0.000030
Y 1.000068, -0.000099, 0.000044
Z 0.000044, -0.000030, -1.000135

BONE 41
OFFSET 1.920998, 2.247804, 65.304466
SCALE 1.000000, 1.000000, 1.000000
X 0.000040, 1.000077, -0.000039
Y -1.000077, 0.000040, -0.000130
Z -0.000130, 0.000039, 1.000000

BONE 42
OFFSET 1.920916, -2.247056, 65.304596
SCALE 1.000000, 1.000000, 1.000000
X -0.000037, 1.000068, -0.000030
Y 1.000068, -0.000099, 0.000044
Z 0.000044, -0.000030, -1.000135

BONE 43
OFFSET 1.964335, 2.150478, 63.965450
SCALE 1.000000, 1.000000, 1.000000
X 0.216302, 0.000023, 0.976388
Y 0.976388, -0.000113, -0.216379
Z 0.000031, 1.000076, -0.000106

BONE 44
OFFSET 1.964202, -2.149522, 63.965576
SCALE 1.000000, 1.000000, 1.000000
X 0.216302, 0.000023, 0.976388
Y 0.976388, -0.000113, -0.216379
Z 0.000031, 1.000076, -0.000106

BONE 45
OFFSET -0.588821, 15.846582, 48.641758
SCALE 1.000000, 1.000000, 1.000000
X 0.846114, 0.294527, -0.444247
Y -0.517409, 0.654026, -0.551870
Z 0.128019, 0.696797, 0.705765

BONE 46
OFFSET -0.592260, -15.846753, 48.641876
SCALE 1.000000, 1.000000, 1.000000
X -0.846104, 0.294699, 0.444375
Y 0.517617, 0.653966, 0.551761
Z -0.128021, 0.696793, -0.705891

BONE 47
OFFSET -0.415417, 15.743810, 48.711765
SCALE 1.000000, 1.000000, 1.000000
X 0.846114, 0.294527, -0.444247
Y -0.517409, 0.654026, -0.551870
Z 0.128019, 0.696797, 0.705765

BONE 48
OFFSET -0.418901, -15.743993, 48.711876
SCALE 1.000000, 1.000000, 1.000000
X -0.846104, 0.294699, 0.444375
Y 0.517617, 0.653966, 0.551761
Z -0.128021, 0.696793, -0.705891

BONE 49
OFFSET 1.560566, 1.221071, 66.445000
SCALE 1.000000, 1.000000, 1.000000
X -0.064670, 0.997123, 0.041515
Y -0.997971, -0.064849, 0.002968
Z 0.005648, -0.041236, 0.999134

BONE 50
OFFSET 1.560494, -1.219935, 66.445190
SCALE 1.000000, 1.000000, 1.000000
X 0.064672, 0.997104, -0.041587
Y 0.997955, -0.064992, -0.003047
Z -0.005738, -0.041302, -0.999268

BONE 51
OFFSET 1.564962, 1.219936, 66.528046
SCALE 1.000000, 1.000000, 1.000000
X -0.064543, 0.997132, 0.041499
Y -0.997980, -0.064720, 0.002928
Z 0.005602, -0.041224, 0.999134

BONE 52
OFFSET 1.564888, -1.218795, 66.528267
SCALE 1.000000, 1.000000, 1.000000
X 0.064634, 0.997101, -0.041584
Y 0.997951, -0.064944, -0.003091
Z -0.005780, -0.041296, -0.999256

BONE 53
OFFSET 1.745415, 1.221251, 66.588951
SCALE 1.000000, 1.000000, 1.000000
X -0.206203, 0.978603, -0.000439
Y -0.978602, -0.206204, -0.001660
Z -0.001715, 0.000087, 0.999999

BONE 54
OFFSET 1.745253, -1.220110, 66.588493
SCALE 1.000000, 1.000000, 1.000000
X 0.207927, 0.978198, -0.000098
Y 0.978198, -0.208058, -0.000133
Z -0.000150, -0.000068, -1.000132

BONE 55
OFFSET -0.824825, 0.000203, 69.808083
SCALE 1.000000, 1.000000, 1.000000
X 0.216302, 0.000023, 0.976388
Y 0.976388, -0.000113, -0.216379
Z 0.000031, 1.000076, -0.000106

BONE 56
OFFSET 3.167340, 0.523129, 65.035484
SCALE 1.000000, 1.000000, 1.000000
X 0.000040, 1.000077, -0.000039
Y -1.000077, 0.000040, -0.000130
Z -0.000130, 0.000039, 1.000000

BONE 57
OFFSET 3.166588, -0.443438, 65.032196
SCALE 1.000000, 1.000000, 1.000000
X -0.000037, 1.000068, -0.000030
Y 1.000068, -0.000099, 0.000044
Z 0.000044, -0.000030, -1.000135

BONE 58
OFFSET 3.325990, 0.450727, 63.463474
SCALE 1.000000, 1.000000, 1.000000
X 0.000040, 1.000077, -0.000039
Y -1.000077, 0.000040, -0.000130
Z -0.000130, 0.000039, 1.000000

BONE 59
OFFSET 3.325991, -0.456697, 63.463577
SCALE 1.000000, 1.000000, 1.000000
X -0.000037, 1.000068, -0.000030
Y 1.000068, -0.000099, 0.000044
Z 0.000044, -0.000030, -1.000135

BONE 60
OFFSET 2.824085, 1.019093, 63.265366
SCALE 1.000000, 1.000000, 1.000000
X 0.000040, 1.000077, -0.000039
Y -1.000077, 0.000040, -0.000130
Z -0.000130, 0.000039, 1.000000

BONE 61
OFFSET 2.824036, -1.018222, 63.265251
SCALE 1.000000, 1.000000, 1.000000
X -0.000037, 1.000068, -0.000030
Y 1.000068, -0.000099, 0.000044
Z 0.000044, -0.000030, -1.000135

BONE 62
OFFSET -2.993627, 8.033051, 56.537849
SCALE 1.000000, 1.000000, 1.000000
X 0.260814, 0.662935, -0.701790
Y -0.956872, 0.273912, -0.096871
Z 0.128016, 0.696782, 0.705771

BONE 63
OFFSET -3.006635, -8.001722, 56.570290
SCALE 1.000000, 1.000000, 1.000000
X -0.260646, 0.663035, 0.701809
Y 0.956955, 0.273744, 0.096704
Z -0.128018, 0.696778, -0.705854

BONE 64
OFFSET 2.109895, 0.000545, 66.322983
SCALE 1.000000, 1.000000, 1.000000
X 0.939643, -0.000019, 0.342172
Y 0.000031, 1.000000, -0.000030
Z -0.342172, 0.000039, 0.939643

BONE 65
OFFSET -1.862328, 0.000282, 71.243355
SCALE 1.000000, 1.000000, 1.000000
X 0.999046, -0.000003, 0.043675
Y 0.000003, 1.000000, 0.000003
Z -0.043675, -0.000003, 0.999046

BONE 66
OFFSET 8.201447, 18.584545, 44.090313
SCALE 1.000000, 1.000000, 1.000000
X 0.782356, 0.298707, -0.546536
Y -0.115677, -0.792573, -0.598761
Z -0.612002, 0.531667, -0.585529

BONE 67
OFFSET 8.196786, -18.586437, 44.089272
SCALE 1.000000, 1.000000, 1.000000
X -0.782299, 0.298875, 0.546656
Y 0.115645, -0.792598, 0.598803
Z 0.612197, 0.531613, 0.585352

BONE 68
OFFSET 5.678709, 17.752655, 45.443192
SCALE 1.000000, 1.000000, 1.000000
X 0.846114, 0.294527, -0.444247
Y -0.517409, 0.654026, -0.551870
Z 0.128019, 0.696797, 0.705765

BONE 69
OFFSET 5.674387, -17.754284, 45.442638
SCALE 1.000000, 1.000000, 1.000000
X -0.846104, 0.294699, 0.444375
Y 0.517617, 0.653966, 0.551761
Z -0.128021, 0.696793, -0.705891

BONE 70
OFFSET -2.170768, 9.958434, 57.536850
SCALE 1.000000, 1.000000, 1.000000
X 0.154010, 0.424588, 0.892218
Y -0.987939, 0.050205, 0.146660
Z 0.017451, -0.904023, 0.427164

BONE 71
OFFSET -2.183841, -9.927047, 57.569141
SCALE 1.000000, 1.000000, 1.000000
X 0.091274, -0.493230, 0.865156
Y 0.993668, -0.012754, -0.112135
Z 0.066290, 0.869871, 0.488864

BONE 72
OFFSET 10.489318, -28.520437, 38.934925
SCALE 1.000000, 1.000000, 1.000000
X 1.000000, -0.000634, 0.000224
Y 0.000634, 1.000000, -0.000230
Z -0.000224, 0.000230, 1.000000

BONE 73
OFFSET 11.901621, 18.941223, 43.297928
SCALE 1.000000, 1.000000, 1.000000
X 0.922067, 0.252226, -0.293551
Y -0.052390, -0.670135, -0.740366
Z -0.383465, 0.698046, -0.604694

BONE 74
OFFSET 11.896788, -18.943769, 43.296421
SCALE 1.000000, 1.000000, 1.000000
X -0.922004, 0.252401, 0.293690
Y 0.052400, -0.670139, 0.740414
Z 0.383685, 0.698035, 0.604602

BONE 75
OFFSET 11.391378, 19.639843, 42.703423
SCALE 1.000000, 1.000000, 1.000000
X 0.794016, 0.066518, -0.604255
Y -0.285138, -0.837163, -0.466850
Z -0.536885, 0.542981, -0.645764

BONE 76
OFFSET 11.386304, -19.642311, 42.701939
SCALE 1.000000, 1.000000, 1.000000
X -0.794002, 0.066686, 0.604392
Y 0.285082, -0.837225, 0.466864
Z 0.537090, 0.542943, 0.645587

BONE 77
OFFSET 9.943592, 20.408464, 41.481098
SCALE 1.000000, 1.000000, 1.000000
X 0.722320, -0.099661, -0.684337
Y -0.421546, -0.847906, -0.321457
Z -0.548224, 0.520676, -0.654469

BONE 78
OFFSET 9.938228, -20.410795, 41.479885
SCALE 1.000000, 1.000000, 1.000000
X -0.722256, -0.099505, 0.684475
Y 0.421468, -0.847999, 0.321447
Z 0.548426, 0.520636, 0.654354

BONE 79
OFFSET 10.659888, 20.112360, 42.063015
SCALE 1.000000, 1.000000, 1.000000
X 0.739153, -0.006308, -0.673521
Y -0.325354, -0.878962, -0.348843
Z -0.589758, 0.476976, -0.651755

BONE 80
OFFSET 10.654645, -20.114742, 42.061779
SCALE 1.000000, 1.000000, 1.000000
X -0.739151, -0.006147, 0.673655
Y 0.325273, -0.879038, 0.348850
Z 0.589954, 0.476929, 0.651561

BONE 81
OFFSET 9.324107, 18.471502, 44.178646
SCALE 1.000000, 1.000000, 1.000000
X 0.594152, -0.766551, -0.243740
Y 0.361214, 0.525007, -0.770664
Z 0.718703, 0.369861, 0.588808

BONE 82
OFFSET 9.319465, -18.473557, 44.177475
SCALE 1.000000, 1.000000, 1.000000
X -0.594340, -0.766457, 0.243886
Y -0.361013, 0.525100, 0.770708
Z -0.718753, 0.369954, -0.588816

BONE 83
OFFSET 10.488823, -28.522226, 38.937931
SCALE 1.000000, 1.000000, 1.000000
X 1.000000, -0.000167, 0.000164
Y 0.000167, 1.000000, 0.000061
Z -0.000164, -0.000061, 1.000000

BONE 84
OFFSET 10.489318, -28.520437, 38.934925
SCALE 1.000000, 1.000000, 1.000000
X 1.000000, 0.000047, -0.000008
Y -0.000048, 0.998879, -0.047345
Z 0.000005, 0.047345, 0.998879

BONE 85
OFFSET 13.331296, 19.332308, 42.842773
SCALE 1.000000, 1.000000, 1.000000
X 0.604000, -0.305775, -0.735993
Y -0.698667, -0.647476, -0.304370
Z -0.383469, 0.698053, -0.604710

BONE 86
OFFSET 13.326314, -19.335108, 42.840935
SCALE 1.000000, 1.000000, 1.000000
X -0.603971, -0.305639, 0.736124
Y 0.698625, -0.647611, 0.304303
Z 0.383689, 0.698042, 0.604598

BONE 87
OFFSET 12.864709, 19.763266, 41.582237
SCALE 1.000000, 1.000000, 1.000000
X 0.051914, -0.742668, -0.667654
Y -0.842071, -0.391977, 0.370526
Z -0.536875, 0.542970, -0.645733

BONE 88
OFFSET 12.859443, -19.766062, 41.580322
SCALE 1.000000, 1.000000, 1.000000
X -0.051967, -0.742638, 0.667721
Y 0.841967, -0.392170, -0.370646
Z 0.537080, 0.542933, 0.645593

BONE 89
OFFSET 10.809470, 20.288992, 40.660744
SCALE 1.000000, 1.000000, 1.000000
X 0.103445, -0.734336, -0.670867
Y -0.829913, -0.435502, 0.348717
Z -0.548231, 0.520682, -0.654490

BONE 90
OFFSET 10.803998, -20.291502, 40.659435
SCALE 1.000000, 1.000000, 1.000000
X -0.103498, -0.734297, 0.670942
Y 0.829805, -0.435691, -0.348833
Z 0.548433, 0.520643, 0.654349

BONE 91
OFFSET 11.903303, 20.101749, 40.930054
SCALE 1.000000, 1.000000, 1.000000
X 0.112218, -0.750756, -0.651057
Y -0.799798, -0.457182, 0.389199
Z -0.589773, 0.476989, -0.651798

BONE 92
OFFSET 11.897904, -20.104439, 40.928349
SCALE 1.000000, 1.000000, 1.000000
X -0.112379, -0.750717, 0.651134
Y 0.799680, -0.457370, -0.389309
Z 0.589969, 0.476941, 0.651552

BONE 93
OFFSET 10.753620, 16.627300, 43.592251
SCALE 1.000000, 1.000000, 1.000000
X 0.686198, -0.514061, -0.514678
Y 0.112337, 0.773924, -0.623247
Z 0.718702, 0.369861, 0.588809

BONE 94
OFFSET 10.749185, -16.629620, 43.590466
SCALE 1.000000, 1.000000, 1.000000
X -0.686300, -0.513930, 0.514830
Y -0.112113, 0.773973, 0.623234
Z -0.718752, 0.369953, -0.588813

BONE 95
OFFSET 13.918354, 19.035112, 42.127426
SCALE 1.000000, 1.000000, 1.000000
X 0.245296, -0.554268, -0.795384
Y -0.890392, -0.453358, 0.041306
Z -0.383473, 0.698062, -0.604730

BONE 96
OFFSET 13.913290, -19.038054, 42.125603
SCALE 1.000000, 1.000000, 1.000000
X -0.245314, -0.554194, 0.795474
Y 0.890331, -0.453540, -0.041423
Z 0.383694, 0.698050, 0.604593

BONE 97
OFFSET 12.921903, 18.945183, 40.846790
SCALE 1.000000, 1.000000, 1.000000
X -0.280375, -0.836717, -0.470473
Y -0.795738, -0.071572, 0.601433
Z -0.536882, 0.542977, -0.645754

BONE 98
OFFSET 12.916678, -18.948032, 40.844891
SCALE 1.000000, 1.000000, 1.000000
X 0.280257, -0.836755, 0.470488
Y 0.795648, -0.071763, -0.601569
Z 0.537086, 0.542940, 0.645589

BONE 99
OFFSET 10.880909, 19.781898, 40.197475
SCALE 1.000000, 1.000000, 1.000000
X -0.339313, -0.853735, -0.394973
Y -0.764405, 0.005537, 0.644713
Z -0.548227, 0.520679, -0.654479

BONE 100
OFFSET 10.875416, -19.784458, 40.196011
SCALE 1.000000, 1.000000, 1.000000
X 0.339220, -0.853788, 0.394978
Y 0.764321, 0.005351, -0.644850
Z 0.548430, 0.520639, 0.654352

BONE 101
OFFSET 12.009165, 19.393869, 40.316185
SCALE 1.000000, 1.000000, 1.000000
X -0.167082, -0.861607, -0.479446
Y -0.790188, -0.173968, 0.587784
Z -0.589777, 0.476992, -0.651810

BONE 102
OFFSET 12.003773, -19.396606, 40.314575
SCALE 1.000000, 1.000000, 1.000000
X 0.166868, -0.861626, 0.479481
Y 0.790084, -0.174159, -0.587914
Z 0.589974, 0.476945, 0.651549

BONE 103
OFFSET 11.573325, 16.013252, 42.977463
SCALE 1.000000, 1.000000, 1.000000
X 0.676898, -0.178508, -0.714131
Y -0.159012, 0.911779, -0.378663
Z 0.718724, 0.369872, 0.588796

BONE 104
OFFSET 11.568904, -16.015728, 42.975502
SCALE 1.000000, 1.000000, 1.000000
X -0.676973, -0.178359, 0.714266
Y 0.159226, 0.911773, 0.378593
Z -0.718774, 0.369964, -0.588861

NUMVERTS 644
VERT 0
OFFSET -11.262154, 5.918236, 55.903152
BONES 1
BONE 15 1.000000

VERT 1
OFFSET -5.944039, 7.324641, 61.059322
BONES 1
BONE 15 1.000000

VERT 2
OFFSET -8.642763, 0.000000, 61.660759
BONES 1
BONE 15 1.000000

VERT 3
OFFSET -1.856679, 0.071834, 42.251884
BONES 1
BONE 2 1.000000

VERT 4
OFFSET -6.276508, 7.143969, 41.326847
BONES 1
BONE 2 1.000000

VERT 5
OFFSET -8.835217, 5.594096, 41.286411
BONES 1
BONE 2 1.000000

VERT 6
OFFSET 0.861317, 8.355000, 41.142097
BONES 1
BONE 2 1.000000

VERT 7
OFFSET 0.861317, -8.355000, 41.142097
BONES 1
BONE 2 1.000000

VERT 8
OFFSET -6.276508, -7.143969, 41.326851
BONES 1
BONE 2 1.000000

VERT 9
OFFSET 4.140928, -4.152451, 28.918118
BONES 1
BONE 2 1.000000

VERT 10
OFFSET 4.123385, 3.817173, 28.493990
BONES 1
BONE 2 1.000000

VERT 11
OFFSET 4.245173, -0.632858, 26.720245
BONES 1
BONE 2 1.000000

VERT 12
OFFSET 2.192744, 4.405038, 27.416399
BONES 1
BONE 2 1.000000

VERT 13
OFFSET 2.209183, -1.011123, 24.555769
BONES 1
BONE 2 1.000000

VERT 14
OFFSET 2.140594, -4.788072, 27.668262
BONES 1
BONE 2 1.000000

VERT 15
OFFSET -1.315992, -0.477402, 60.302536
BONES 1
BONE 22 1.000000

VERT 16
OFFSET -8.921358, -4.992726, 70.142265
BONES 1
BONE 22 1.000000

VERT 17
OFFSET -10.906199, 0.000000, 70.609802
BONES 1
BONE 22 1.000000

VERT 18
OFFSET -0.364092, -7.920788, 67.605865
BONES 1
BONE 22 1.000000

VERT 19
OFFSET 6.361767, -4.581409, 64.907150
BONES 1
BONE 22 1.000000

VERT 20
OFFSET 8.842466, 0.000000, 64.122849
BONES 1
BONE 22 1.000000

VERT 21
OFFSET 7.280225, 0.000000, 55.578556
BONES 1
BONE 22 1.000000

VERT 22
OFFSET -2.626070, -0.013066, 58.763947
BONES 1
BONE 22 1.000000

VERT 23
OFFSET 5.292502, -5.986253, 57.464951
BONES 1
BONE 22 1.000000

VERT 24
OFFSET -3.340865, -10.222704, 63.087879
BONES 1
BONE 22 1.000000

VERT 25
OFFSET -11.926092, -6.088672, 60.872272
BONES 1
BONE 22 1.000000

VERT 26
OFFSET -13.915926, 0.000000, 59.570549
BONES 1
BONE 22 1.000000

VERT 27
OFFSET -11.926092, 6.088673, 60.872280
BONES 1
BONE 22 1.000000

VERT 28
OFFSET -8.921358, 4.992726, 70.142265
BONES 1
BONE 22 1.000000

VERT 29
OFFSET -3.340865, 10.222704, 63.087879
BONES 1
BONE 22 1.000000

VERT 30
OFFSET -0.364092, 7.920789, 67.605865
BONES 1
BONE 22 1.000000

VERT 31
OFFSET 6.361766, 4.581409, 64.907150
BONES 1
BONE 22 1.000000

VERT 32
OFFSET 5.292500, 5.986252, 57.464951
BONES 1
BONE 22 1.000000

VERT 33
OFFSET -8.733978, 11.011396, 55.559940
BONES 1
BONE 62 1.000000

VERT 34
OFFSET -6.762990, 14.858685, 56.235863
BONES 1
BONE 62 1.000000

VERT 35
OFFSET -8.989198, 9.653273, 56.580040
BONES 1
BONE 62 1.000000

VERT 36
OFFSET -5.324549, 13.042356, 60.877373
BONES 1
BONE 62 1.000000

VERT 37
OFFSET 0.517180, 14.511197, 56.280006
BONES 1
BONE 62 1.000000

VERT 38
OFFSET -0.156138, 10.454185, 61.214893
BONES 1
BONE 62 1.000000

VERT 39
OFFSET 2.864112, 8.689954, 55.676208
BONES 1
BONE 62 1.000000

VERT 40
OFFSET -1.261811, 14.508189, 54.852692
BONES 1
BONE 62 1.000000

VERT 41
OFFSET -1.385587, 12.775847, 57.442078
BONES 1
BONE 62 1.000000

VERT 42
OFFSET -6.626070, 13.194881, 55.043274
BONES 1
BONE 62 1.000000

VERT 43
OFFSET 1.692137, 11.476450, 54.133095
BONES 1
BONE 62 1.000000

VERT 44
OFFSET 1.149022, 7.083047, 56.218185
BONES 1
BONE 62 1.000000

VERT 45
OFFSET -2.017584, 8.043258, 59.715279
BONES 1
BONE 62 1.000000

VERT 46
OFFSET -7.272703, 8.790838, 57.660252
BONES 1
BONE 62 1.000000

VERT 47
OFFSET -6.626070, -13.194881, 55.043274
BONES 1
BONE 63 1.000000

VERT 48
OFFSET -7.272703, -8.790838, 57.660252
BONES 1
BONE 63 1.000000

VERT 49
OFFSET -1.385587, -12.775847, 57.442078
BONES 1
BONE 63 1.000000

VERT 50
OFFSET -1.261811, -14.508189, 54.852692
BONES 1
BONE 63 1.000000

VERT 51
OFFSET 1.692137, -11.476450, 54.133095
BONES 1
BONE 63 1.000000

VERT 52
OFFSET 1.149022, -7.083047, 56.218185
BONES 1
BONE 63 1.000000

VERT 53
OFFSET -2.017584, -8.043258, 59.715279
BONES 1
BONE 63 1.000000

VERT 54
OFFSET -2.085907, -15.873301, 45.375256
BONES 1
BONE 48 1.000000

VERT 55
OFFSET 7.862736, -15.837977, 42.913509
BONES 1
BONE 48 1.000000

VERT 56
OFFSET 7.161666, -19.103609, 41.491970
BONES 1
BONE 48 1.000000

VERT 57
OFFSET 7.441142, -20.817068, 43.487408
BONES 1
BONE 48 1.000000

VERT 58
OFFSET -1.621238, -18.060863, 47.915817
BONES 1
BONE 48 1.000000

VERT 59
OFFSET 8.204552, -20.181908, 45.730618
BONES 1
BONE 48 1.000000

VERT 60
OFFSET 8.018132, -19.266117, 45.456753
BONES 1
BONE 48 1.000000

VERT 61
OFFSET 7.455181, -18.691095, 43.563702
BONES 1
BONE 48 1.000000

VERT 62
OFFSET 7.580670, -16.834255, 43.429466
BONES 1
BONE 48 1.000000

VERT 63
OFFSET 8.416026, -17.242523, 44.751137
BONES 1
BONE 48 1.000000

VERT 64
OFFSET 7.906431, -16.058586, 42.980171
BONES 1
BONE 48 1.000000

VERT 65
OFFSET 9.293056, -16.980188, 45.613586
BONES 1
BONE 48 1.000000

VERT 66
OFFSET 7.749539, -18.875532, 44.849545
BONES 1
BONE 48 1.000000

VERT 67
OFFSET 8.205801, -20.147831, 45.750610
BONES 1
BONE 48 1.000000

VERT 68
OFFSET 7.789161, -16.337475, 43.613251
BONES 1
BONE 48 1.000000

VERT 69
OFFSET -2.085954, 15.873301, 45.375225
BONES 1
BONE 47 1.000000

VERT 70
OFFSET 7.862847, 15.837977, 42.913437
BONES 1
BONE 47 1.000000

VERT 71
OFFSET 7.161768, 19.103661, 41.491879
BONES 1
BONE 47 1.000000

VERT 72
OFFSET 7.441247, 20.817146, 43.487347
BONES 1
BONE 47 1.000000

VERT 73
OFFSET -1.621279, 18.060900, 47.915829
BONES 1
BONE 47 1.000000

VERT 74
OFFSET 8.204669, 20.181978, 45.730591
BONES 1
BONE 47 1.000000

VERT 75
OFFSET 8.018246, 19.266171, 45.456726
BONES 1
BONE 47 1.000000

VERT 76
OFFSET 7.455287, 18.691139, 43.563644
BONES 1
BONE 47 1.000000

VERT 77
OFFSET 7.789270, 16.337482, 43.613194
BONES 1
BONE 47 1.000000

VERT 78
OFFSET 7.618327, 16.841524, 43.389809
BONES 1
BONE 47 1.000000

VERT 79
OFFSET 7.947945, 16.056671, 42.935192
BONES 1
BONE 47 1.000000

VERT 80
OFFSET 8.472238, 17.267260, 44.749958
BONES 1
BONE 47 1.000000

VERT 81
OFFSET 9.366993, 17.012896, 45.638687
BONES 1
BONE 47 1.000000

VERT 82
OFFSET 7.789195, 18.906967, 44.826698
BONES 1
BONE 47 1.000000

VERT 83
OFFSET 8.250858, 20.194332, 45.738430
BONES 1
BONE 47 1.000000

VERT 84
OFFSET 11.950318, -18.445347, 40.727417
BONES 1
BONE 67 1.000000

VERT 85
OFFSET 12.867887, -18.456211, 40.313061
BONES 1
BONE 67 1.000000

VERT 86
OFFSET 13.773385, -17.416540, 41.367855
BONES 1
BONE 67 1.000000

VERT 87
OFFSET 12.545523, -16.131184, 41.882534
BONES 1
BONE 67 1.000000

VERT 88
OFFSET 11.628826, -16.485416, 42.937794
BONES 1
BONE 67 1.000000

VERT 89
OFFSET 12.687311, -15.490101, 42.216156
BONES 1
BONE 67 1.000000

VERT 90
OFFSET 11.222352, -15.728287, 43.646000
BONES 1
BONE 67 1.000000

VERT 91
OFFSET 10.985448, -17.233110, 43.614964
BONES 1
BONE 67 1.000000

VERT 92
OFFSET 8.681850, -16.518229, 44.557762
BONES 1
BONE 67 1.000000

VERT 93
OFFSET 9.242461, -17.868801, 45.642464
BONES 1
BONE 67 1.000000

VERT 94
OFFSET 6.223504, -17.679422, 46.360893
BONES 1
BONE 67 1.000000

VERT 95
OFFSET 6.200739, -16.259598, 45.427986
BONES 1
BONE 67 1.000000

VERT 96
OFFSET 10.795279, -15.871090, 43.049362
BONES 1
BONE 67 1.000000

VERT 97
OFFSET 12.178530, -15.459244, 41.737179
BONES 1
BONE 67 1.000000

VERT 98
OFFSET 8.053747, -18.131020, 42.942261
BONES 1
BONE 67 1.000000

VERT 99
OFFSET 10.975377, -18.908871, 42.571564
BONES 1
BONE 67 1.000000

VERT 100
OFFSET 12.236878, -18.738213, 44.037243
BONES 1
BONE 67 1.000000

VERT 101
OFFSET 9.406118, -20.268633, 41.355686
BONES 1
BONE 67 1.000000

VERT 102
OFFSET 7.243378, -19.819778, 42.639084
BONES 1
BONE 67 1.000000

VERT 103
OFFSET 4.784405, -18.633060, 44.082916
BONES 1
BONE 67 1.000000

VERT 104
OFFSET 5.155040, -16.987295, 43.970161
BONES 1
BONE 67 1.000000

VERT 105
OFFSET 4.946081, -19.488850, 45.055931
BONES 1
BONE 67 1.000000

VERT 106
OFFSET 7.953646, -20.204420, 44.453110
BONES 1
BONE 67 1.000000

VERT 107
OFFSET 11.220427, -20.287260, 42.759048
BONES 1
BONE 67 1.000000

VERT 108
OFFSET 10.349827, -20.449020, 40.309208
BONES 1
BONE 67 1.000000

VERT 109
OFFSET 12.901423, -19.624205, 41.376938
BONES 1
BONE 67 1.000000

VERT 110
OFFSET 10.761374, -19.310675, 39.446426
BONES 1
BONE 67 1.000000

VERT 111
OFFSET 11.775665, -19.225193, 41.487980
BONES 1
BONE 67 1.000000

VERT 112
OFFSET 13.801284, -18.463835, 42.722656
BONES 1
BONE 67 1.000000

VERT 113
OFFSET 5.754812, -18.029509, 45.100632
BONES 1
BONE 67 1.000000

VERT 114
OFFSET 11.950315, 18.445343, 40.727413
BONES 1
BONE 66 1.000000

VERT 115
OFFSET 13.773385, 17.416540, 41.367855
BONES 1
BONE 66 1.000000

VERT 116
OFFSET 12.867886, 18.456209, 40.313061
BONES 1
BONE 66 1.000000

VERT 117
OFFSET 12.545523, 16.131184, 41.882534
BONES 1
BONE 66 1.000000

VERT 118
OFFSET 12.178528, 15.459241, 41.737167
BONES 1
BONE 66 1.000000

VERT 119
OFFSET 12.687309, 15.490098, 42.216152
BONES 1
BONE 66 1.000000

VERT 120
OFFSET 10.795279, 15.871090, 43.049362
BONES 1
BONE 66 1.000000

VERT 121
OFFSET 11.222352, 15.728287, 43.646000
BONES 1
BONE 66 1.000000

VERT 122
OFFSET 8.941054, 16.601028, 45.031506
BONES 1
BONE 66 1.000000

VERT 123
OFFSET 8.073438, 18.092152, 42.914238
BONES 1
BONE 66 1.000000

VERT 124
OFFSET 6.200739, 16.259594, 45.427986
BONES 1
BONE 66 1.000000

VERT 125
OFFSET 6.223502, 17.679419, 46.360889
BONES 1
BONE 66 1.000000

VERT 126
OFFSET 9.242461, 17.868801, 45.642464
BONES 1
BONE 66 1.000000

VERT 127
OFFSET 11.330222, 16.685722, 42.986374
BONES 1
BONE 66 1.000000

VERT 128
OFFSET 12.463214, 18.352169, 43.811153
BONES 1
BONE 66 1.000000

VERT 129
OFFSET 11.001647, 19.242182, 42.207523
BONES 1
BONE 66 1.000000

VERT 130
OFFSET 10.953643, 17.557276, 43.684544
BONES 1
BONE 66 1.000000

VERT 131
OFFSET 9.395565, 20.719492, 41.265083
BONES 1
BONE 66 1.000000

VERT 132
OFFSET 7.099195, 20.040297, 42.787136
BONES 1
BONE 66 1.000000

VERT 133
OFFSET 4.784407, 18.633060, 44.082920
BONES 1
BONE 66 1.000000

VERT 134
OFFSET 5.155041, 16.987295, 43.970165
BONES 1
BONE 66 1.000000

VERT 135
OFFSET 4.946081, 19.488852, 45.055935
BONES 1
BONE 66 1.000000

VERT 136
OFFSET 7.953646, 20.204422, 44.453110
BONES 1
BONE 66 1.000000

VERT 137
OFFSET 11.736162, 19.799250, 43.396049
BONES 1
BONE 66 1.000000

VERT 138
OFFSET 10.349827, 20.449020, 40.309208
BONES 1
BONE 66 1.000000

VERT 139
OFFSET 11.775665, 19.225195, 41.487980
BONES 1
BONE 66 1.000000

VERT 140
OFFSET 10.761374, 19.310677, 39.446426
BONES 1
BONE 66 1.000000

VERT 141
OFFSET 13.801284, 18.463835, 42.722660
BONES 1
BONE 66 1.000000

VERT 142
OFFSET 12.782233, 19.540525, 41.423595
BONES 1
BONE 66 1.000000

VERT 143
OFFSET 5.754811, 18.029509, 45.100632
BONES 1
BONE 66 1.000000

VERT 144
OFFSET -5.944037, -7.324641, 61.059322
BONES 1
BONE 15 1.000000

VERT 145
OFFSET 5.320189, 0.000000, 58.836380
BONES 1
BONE 15 1.000000

VERT 146
OFFSET 1.072162, 7.344636, 59.132999
BONES 1
BONE 15 1.000000

VERT 147
OFFSET 1.072162, -7.344635, 59.132999
BONES 1
BONE 15 1.000000

VERT 148
OFFSET -6.762990, -14.858685, 56.235863
BONES 1
BONE 63 1.000000

VERT 149
OFFSET 0.517180, -14.511197, 56.280006
BONES 1
BONE 63 1.000000

VERT 150
OFFSET 2.864112, -8.689954, 55.676208
BONES 1
BONE 63 1.000000

VERT 151
OFFSET 2.450907, -4.805407, 58.451889
BONES 1
BONE 27 1.000000

VERT 152
OFFSET -3.509420, -5.634349, 61.811459
BONES 1
BONE 27 1.000000

VERT 153
OFFSET -9.426563, -5.518423, 57.277264
BONES 1
BONE 27 1.000000

VERT 154
OFFSET 2.450907, 4.805407, 58.451889
BONES 1
BONE 26 1.000000

VERT 155
OFFSET -3.509420, 5.634349, 61.811459
BONES 1
BONE 26 1.000000

VERT 156
OFFSET -9.426563, 5.518423, 57.277264
BONES 1
BONE 26 1.000000

VERT 157
OFFSET -5.805548, 7.218950, 38.656132
BONES 1
BONE 2 1.000000

VERT 158
OFFSET -8.113460, 5.288852, 32.350571
BONES 1
BONE 2 1.000000

VERT 159
OFFSET -6.667392, 5.892164, 41.821953
BONES 1
BONE 2 1.000000

VERT 160
OFFSET -6.667392, -5.830275, 41.821953
BONES 1
BONE 2 1.000000

VERT 161
OFFSET -5.805548, -7.218950, 38.656132
BONES 1
BONE 2 1.000000

VERT 162
OFFSET -8.113460, -5.174738, 32.361355
BONES 1
BONE 2 1.000000

VERT 163
OFFSET -8.733978, -11.011396, 55.559940
BONES 1
BONE 63 1.000000

VERT 164
OFFSET 0.623474, -17.092867, 45.221935
BONES 1
BONE 48 1.000000

VERT 165
OFFSET 1.357497, -14.611258, 45.238224
BONES 1
BONE 48 1.000000

VERT 166
OFFSET 3.489283, -16.273695, 48.865978
BONES 1
BONE 48 1.000000

VERT 167
OFFSET 2.844616, -14.193576, 46.254318
BONES 1
BONE 48 1.000000

VERT 168
OFFSET 0.832511, 17.841663, 45.988403
BONES 1
BONE 47 1.000000

VERT 169
OFFSET 1.598018, 15.253603, 46.005383
BONES 1
BONE 47 1.000000

VERT 170
OFFSET 3.821251, 16.987352, 49.788742
BONES 1
BONE 47 1.000000

VERT 171
OFFSET 3.148928, 14.818004, 47.065063
BONES 1
BONE 47 1.000000

VERT 172
OFFSET -0.511592, 12.246140, 47.420921
BONES 1
BONE 47 1.000000

VERT 173
OFFSET -0.792968, -18.081692, 47.616398
BONES 1
BONE 48 1.000000

VERT 174
OFFSET -1.028083, -16.014355, 45.314167
BONES 1
BONE 48 1.000000

VERT 175
OFFSET -1.028114, 16.014357, 45.314137
BONES 1
BONE 47 1.000000

VERT 176
OFFSET -0.792995, 18.081728, 47.616402
BONES 1
BONE 47 1.000000

VERT 177
OFFSET -8.834094, -5.596960, 41.286346
BONES 2
BONE 2 0.999924
BONE 8 0.000076

VERT 178
OFFSET -11.262154, -5.918236, 55.903152
BONES 2
BONE 15 0.999893
BONE 27 0.000107

VERT 179
OFFSET -1.366221, 5.182745, 61.232243
BONES 2
BONE 15 -159.000000
BONE 26 160.000000

VERT 180
OFFSET -1.366220, -5.182745, 61.232243
BONES 2
BONE 15 -39.000000
BONE 27 40.000000

VERT 181
OFFSET -5.324549, -13.042356, 60.877373
BONES 2
BONE 63 0.988281
BONE 27 0.011719

VERT 182
OFFSET -0.156138, -10.454185, 61.214893
BONES 2
BONE 63 0.972656
BONE 27 0.027344

VERT 183
OFFSET -6.133909, -8.509410, 62.625759
BONES 2
BONE 63 1.000031
BONE 27 -0.000031

VERT 184
OFFSET -8.989198, -9.653273, 56.580040
BONES 2
BONE 63 0.984375
BONE 27 0.015625

VERT 185
OFFSET -6.133909, 8.509410, 62.625759
BONES 2
BONE 62 -2559.000000
BONE 26 2560.000000

VERT 186
OFFSET 3.530080, 7.214340, 54.227615
BONES 2
BONE 15 0.968750
BONE 35 0.031250

VERT 187
OFFSET 3.530079, -7.214341, 54.227615
BONES 2
BONE 15 0.999695
BONE 2 0.000305

VERT 188
OFFSET -11.418166, 5.574237, 39.029797
BONES 2
BONE 2 0.994141
BONE 8 0.005859

VERT 189
OFFSET -11.418166, -5.480771, 39.029797
BONES 2
BONE 2 0.997559
BONE 8 0.002441

VERT 190
OFFSET -9.562594, 6.275484, 52.737312
BONES 2
BONE 15 0.999878
BONE 2 0.000122

VERT 191
OFFSET -3.009350, -8.620571, 51.271343
BONES 2
BONE 36 0.986328
BONE 15 0.013672

VERT 192
OFFSET 0.280916, -9.105051, 53.065105
BONES 2
BONE 36 0.999390
BONE 15 0.000610

VERT 193
OFFSET -2.584726, -10.681408, 57.681973
BONES 2
BONE 36 -0.500000
BONE 27 1.500000

VERT 194
OFFSET -4.986026, -13.518697, 50.231098
BONES 2
BONE 36 0.999893
BONE 48 0.000107

VERT 195
OFFSET -1.977534, -11.432752, 48.023190
BONES 2
BONE 48 -1535.000000
BONE 36 1536.000000

VERT 196
OFFSET 0.811489, -14.287000, 53.016232
BONES 2
BONE 36 0.999023
BONE 48 0.000977

VERT 197
OFFSET 1.321886, -11.399158, 49.280598
BONES 2
BONE 36 -1.500000
BONE 48 2.500000

VERT 198
OFFSET 0.280916, 9.105052, 53.065105
BONES 2
BONE 35 0.999023
BONE 15 0.000977

VERT 199
OFFSET -2.584727, 10.681408, 57.681969
BONES 2
BONE 35 -1.500000
BONE 26 2.500000

VERT 200
OFFSET -5.087073, 13.540343, 50.221855
BONES 2
BONE 35 0.999893
BONE 47 0.000107

VERT 201
OFFSET -1.982195, 11.387568, 47.943199
BONES 2
BONE 47 -24575.000000
BONE 35 24576.000000

VERT 202
OFFSET 0.896184, 14.333261, 53.096214
BONES 2
BONE 35 0.999023
BONE 47 0.000977

VERT 203
OFFSET 1.422930, 11.352895, 49.240894
BONES 2
BONE 35 -3.000000
BONE 47 4.000000

VERT 204
OFFSET -1.838696, -11.571978, 48.020306
BONES 2
BONE 36 -7167.000000
BONE 48 7168.000000

VERT 205
OFFSET -5.608069, -11.749601, 51.037720
BONES 2
BONE 48 -1535.000000
BONE 36 1536.000000

VERT 206
OFFSET -5.578339, -10.948895, 49.990822
BONES 2
BONE 48 -1535.000000
BONE 36 1536.000000

VERT 207
OFFSET -4.918864, -14.201920, 52.890087
BONES 2
BONE 48 -1535.000000
BONE 36 1536.000000

VERT 208
OFFSET -6.408173, -12.526521, 51.718193
BONES 2
BONE 48 -1535.000000
BONE 36 1536.000000

VERT 209
OFFSET -5.533765, -13.737315, 48.299049
BONES 2
BONE 48 -1535.000000
BONE 36 1536.000000

VERT 210
OFFSET -1.437617, -11.212587, 47.297520
BONES 2
BONE 48 -1535.000000
BONE 36 1536.000000

VERT 211
OFFSET -1.130366, -17.236141, 51.470150
BONES 2
BONE 48 -1535.000000
BONE 36 1536.000000

VERT 212
OFFSET -4.688102, -16.001390, 50.405590
BONES 2
BONE 48 -1535.000000
BONE 36 1536.000000

VERT 213
OFFSET -5.190086, -14.568787, 52.854237
BONES 2
BONE 48 -1535.000000
BONE 36 1536.000000

VERT 214
OFFSET -1.394870, -16.333961, 51.651531
BONES 2
BONE 48 -1535.000000
BONE 36 1536.000000

VERT 215
OFFSET -5.608173, 11.749536, 51.037781
BONES 2
BONE 47 -24575.000000
BONE 35 24576.000000

VERT 216
OFFSET -5.578443, 10.948815, 49.990868
BONES 2
BONE 47 -24575.000000
BONE 35 24576.000000

VERT 217
OFFSET -6.408289, 12.526466, 51.718266
BONES 2
BONE 47 -24575.000000
BONE 35 24576.000000

VERT 218
OFFSET -5.533868, 13.737281, 48.299068
BONES 2
BONE 47 -24575.000000
BONE 35 24576.000000

VERT 219
OFFSET -4.688191, 16.001392, 50.405640
BONES 2
BONE 47 -24575.000000
BONE 35 24576.000000

VERT 220
OFFSET -5.190184, 14.568766, 52.854328
BONES 2
BONE 47 -24575.000000
BONE 35 24576.000000

VERT 221
OFFSET -4.918957, 14.201893, 52.890186
BONES 2
BONE 47 -24575.000000
BONE 35 24576.000000

VERT 222
OFFSET -1.838740, 11.571907, 48.020321
BONES 2
BONE 35 -5119.000000
BONE 47 5120.000000

VERT 223
OFFSET -1.437654, 11.212513, 47.297520
BONES 2
BONE 47 -20479.000000
BONE 35 20480.000000

VERT 224
OFFSET -1.130399, 17.236162, 51.470219
BONES 2
BONE 47 -511.000000
BONE 35 512.000000

VERT 225
OFFSET -1.394907, 16.333969, 51.651600
BONES 2
BONE 47 -24575.000000
BONE 35 24576.000000

VERT 226
OFFSET 1.479647, 14.047785, 50.044182
BONES 2
BONE 47 0.998047
BONE 35 0.001953

VERT 227
OFFSET -0.613513, 16.943724, 50.623455
BONES 2
BONE 47 -24575.000000
BONE 35 24576.000000

VERT 228
OFFSET -0.454124, -12.292642, 47.413414
BONES 2
BONE 48 -639.000000
BONE 36 640.000000

VERT 229
OFFSET 1.481259, -14.032980, 49.971157
BONES 2
BONE 48 0.999268
BONE 36 0.000732

VERT 230
OFFSET -0.554852, -16.935257, 50.578476
BONES 2
BONE 48 -255.000000
BONE 36 256.000000

VERT 231
OFFSET -1.857564, -15.224851, 49.075836
BONES 2
BONE 48 -383.000000
BONE 36 384.000000

VERT 232
OFFSET -1.987374, 15.198598, 49.417118
BONES 2
BONE 47 -24575.000000
BONE 35 24576.000000

VERT 233
