// OpenAssetTools XMODEL_EXPORT File
// Game Origin: IW5
// Zone Origin: common_mp
MODEL
VERSION 6

NUMBONES 67
BONE 0 -1 "tag_origin"
BONE 1 0 "tag_sync"
BONE 2 0 "tag_view"
BONE 3 2 "tag_ads"
BONE 4 2 "tag_cambone"
BONE 5 4 "tag_camera"
BONE 6 3 "tag_torso"
BONE 7 6 "j_shoulder_le"
BONE 8 6 "j_shoulder_ri"
BONE 9 5 "tag_gasmask"
BONE 10 5 "tag_gasmask2"
BONE 11 5 "tag_player"
BONE 12 6 "tag_weapon"
BONE 13 7 "j_elbow_le"
BONE 14 8 "j_elbow_ri"
BONE 15 13 "j_sleave_reshape_bottom_le_1"
BONE 16 13 "j_sleave_reshape_bottom_le_2"
BONE 17 13 "j_sleave_reshape_top_le_1"
BONE 18 13 "j_sleave_reshape_top_le_2"
BONE 19 13 "j_sleave_reshape_top_le_3"
BONE 20 14 "j_sleave_reshape_top_ri_1"
BONE 21 14 "j_sleave_reshape_top_ri_2"
BONE 22 14 "j_sleave_reshape_top_ri_3"
BONE 23 13 "j_wrist_le"
BONE 24 14 "j_wrist_ri"
BONE 25 13 "j_wristtwist_le"
BONE 26 14 "j_wristtwist_ri"
BONE 27 23 "j_index_le_0"
BONE 28 24 "j_index_ri_0"
BONE 29 23 "j_mid_le_0"
BONE 30 24 "j_mid_ri_0"
BONE 31 23 "j_pinkypalm_le"
BONE 32 24 "j_pinkypalm_ri"
BONE 33 23 "j_ringpalm_le"
BONE 34 24 "j_ringpalm_ri"
BONE 35 23 "j_thumb_le_0"
BONE 36 24 "j_thumb_ri_0"
BONE 37 23 "j_webbing_le"
BONE 38 24 "j_webbing_ri"
BONE 39 23 "tag_knife_attach"
BONE 40 24 "tag_knife_attach2"
BONE 41 23 "tag_weapon_left"
BONE 42 24 "tag_weapon_right"
BONE 43 27 "j_index_le_1"
BONE 44 28 "j_index_ri_1"
BONE 45 29 "j_mid_le_1"
BONE 46 30 "j_mid_ri_1"
BONE 47 31 "j_pinky_le_0"
BONE 48 32 "j_pinky_ri_0"
BONE 49 33 "j_ring_le_0"
BONE 50 34 "j_ring_ri_0"
BONE 51 35 "j_thumb_le_1"
BONE 52 36 "j_thumb_ri_1"
BONE 53 43 "j_index_le_2"
BONE 54 44 "j_index_ri_2"
BONE 55 45 "j_mid_le_2"
BONE 56 46 "j_mid_ri_2"
BONE 57 47 "j_pinky_le_1"
BONE 58 48 "j_pinky_ri_1"
BONE 59 49 "j_ring_le_1"
BONE 60 50 "j_ring_ri_1"
BONE 61 51 "j_thumb_le_2"
BONE 62 52 "j_thumb_ri_2"
BONE 63 57 "j_pinky_le_2"
BONE 64 58 "j_pinky_ri_2"
BONE 65 59 "j_ring_le_2"
BONE 66 60 "j_ring_ri_2"

BONE 0
OFFSET 0.000000, 0.000000, 0.000000
SCALE 1.000000, 1.000000, 1.000000
X 1.000000, 0.000000, 0.000000
Y 0.000000, 1.000000, 0.000000
Z 0.000000, 0.000000, 1.000000

BONE 1
OFFSET 0.000000, 0.000000, 0.000000
SCALE 1.000000, 1.000000, 1.000000
X -1.000000, 0.000000, 0.000000
Y 0.000000, -1.000000, 0.000000
Z 0.000000, 0.000000, 1.000000

BONE 2
OFFSET 0.000000, 0.000000, 60.000000
SCALE 1.000000, 1.000000, 1.000000
X 1.000000, 0.000000, 0.000000
Y 0.000000, 1.000000, 0.000000
Z 0.000000, 0.000000, 1.000000

BONE 3
OFFSET 0.000000, 0.000000, 60.000000
SCALE 1.000000, 1.000000, 1.000000
X 1.000000, 0.000000, 0.000000
Y 0.000000, 1.000000, 0.000000
Z 0.000000, 0.000000, 1.000000

BONE 4
OFFSET 0.000000, 0.000000, 60.000000
SCALE 1.000000, 1.000000, 1.000000
X 1.000000, 0.000000, 0.000000
Y 0.000000, 1.000000, 0.000000
Z 0.000000, 0.000000, 1.000000

BONE 5
OFFSET 0.000000, 0.000000, 60.000000
SCALE 1.000000, 1.000000, 1.000000
X 1.000000, 0.000000, 0.000000
Y 0.000000, 1.000000, 0.000000
Z 0.000000, 0.000000, 1.000000

BONE 6
OFFSET -4.631834, 0.000000, 58.623047
SCALE 1.000000, 1.000000, 1.000000
X 1.000000, 0.000000, 0.000000
Y 0.000000, 1.000000, 0.000000
Z 0.000000, 0.000000, 1.000000

BONE 7
OFFSET -3.506030, 7.937290, 56.813091
SCALE 1.000000, 1.000000, 1.000000
X 0.473013, 0.011286, -0.880982
Y 0.446796, -0.864879, 0.228812
Z -0.759362, -0.501850, -0.414141

BONE 8
OFFSET -3.506032, -7.937284, 56.813091
SCALE 1.000000, 1.000000, 1.000000
X -0.472958, 0.011498, 0.881006
Y -0.446887, -0.864879, -0.228620
Z 0.759339, -0.501840, 0.414196

BONE 9
OFFSET 1.540442, 0.000000, 64.135750
SCALE 1.000000, 1.000000, 1.000000
X 1.000000, 0.000000, 0.000000
Y 0.000000, 1.000000, 0.000000
Z 0.000000, 0.000000, 1.000000

BONE 10
OFFSET -4.631834, 0.000000, 58.623047
SCALE 1.000000, 1.000000, 1.000000
X 1.000000, 0.000000, 0.000000
Y 0.000000, 1.000000, 0.000000
Z 0.000000, 0.000000, 1.000000

BONE 11
OFFSET 0.000000, 0.000000, 60.000000
SCALE 1.000000, 1.000000, 1.000000
X 1.000000, 0.000000, 0.000000
Y 0.000000, 1.000000, 0.000000
Z 0.000000, 0.000000, 1.000000

BONE 12
OFFSET 10.527968, 0.000000, 51.870323
SCALE 1.000000, 1.000000, 1.000000
X 1.000000, 0.000000, 0.000000
Y 0.000000, 1.000000, 0.000000
Z 0.000000, 0.000000, 1.000000

BONE 13
OFFSET 2.214529, 8.073780, 46.158569
SCALE 1.000000, 1.000000, 1.000000
X 0.999978, -0.002778, 0.005960
Y -0.005999, -0.014203, 0.999881
Z -0.002693, -0.999895, -0.014219

BONE 14
OFFSET 2.213910, -8.076346, 46.158283
SCALE 1.000000, 1.000000, 1.000000
X -0.999975, -0.002688, -0.005902
Y 0.005940, -0.014394, -0.999877
Z 0.002602, -0.999891, 0.014413

BONE 15
OFFSET 12.125324, 8.957942, 45.174339
SCALE 1.000000, 1.000000, 1.000000
X 1.000000, 0.000026, 0.000024
Y -0.000026, 1.000000, -0.000204
Z -0.000024, 0.000204, 1.000000

BONE 16
OFFSET 11.739448, 7.334917, 44.949497
SCALE 1.000000, 1.000000, 1.000000
X 1.000000, 0.000026, 0.000024
Y -0.000026, 1.000000, -0.000204
Z -0.000024, 0.000204, 1.000000

BONE 17
OFFSET 12.634724, 8.809984, 47.714973
SCALE 1.000000, 1.000000, 1.000000
X 1.000000, 0.000026, 0.000024
Y -0.000026, 1.000000, -0.000204
Z -0.000024, 0.000204, 1.000000

BONE 18
OFFSET 12.530292, 7.482572, 47.911358
SCALE 1.000000, 1.000000, 1.000000
X 1.000000, 0.000026, 0.000024
Y -0.000026, 1.000000, -0.000204
Z -0.000024, 0.000204, 1.000000

BONE 19
OFFSET 12.150340, 6.891029, 46.941101
SCALE 1.000000, 1.000000, 1.000000
X 1.000000, 0.000026, 0.000024
Y -0.000026, 1.000000, -0.000204
Z -0.000024, 0.000204, 1.000000

BONE 20
OFFSET 12.634109, -8.813209, 47.714199
SCALE 1.000000, 1.000000, 1.000000
X -0.999989, 0.000117, 0.000034
Y 0.000117, 1.000000, 0.000012
Z -0.000034, 0.000012, -0.999989

BONE 21
OFFSET 12.529819, -7.485747, 47.910343
SCALE 1.000000, 1.000000, 1.000000
X -0.999989, 0.000117, 0.000034
Y 0.000117, 1.000000, 0.000012
Z -0.000034, 0.000012, -0.999989

BONE 22
OFFSET 12.149878, -6.894341, 46.939987
SCALE 1.000000, 1.000000, 1.000000
X -0.999989, 0.000117, 0.000034
Y 0.000117, 1.000000, 0.000012
Z -0.000034, 0.000012, -0.999989

BONE 23
OFFSET 13.785378, 8.041635, 46.227535
SCALE 1.000000, 1.000000, 1.000000
X 0.996700, -0.023016, 0.077848
Y -0.077671, 0.008478, 0.996933
Z -0.023605, -0.999689, 0.006662

BONE 24
OFFSET 13.784769, -8.045246, 46.226585
SCALE 1.000000, 1.000000, 1.000000
X -0.996682, -0.022940, -0.077786
Y 0.077615, 0.008281, -0.996937
Z 0.023513, -0.999691, -0.006450

BONE 25
OFFSET 10.719771, 8.050151, 46.209263
SCALE 1.000000, 1.000000, 1.000000
X 0.999978, -0.002778, 0.005960
Y -0.005999, -0.014203, 0.999881
Z -0.002693, -0.999895, -0.014219

BONE 26
OFFSET 10.719139, -8.053484, 46.208485
SCALE 1.000000, 1.000000, 1.000000
X -0.999975, -0.002688, -0.005902
Y 0.005940, -0.014394, -0.999877
Z 0.002602, -0.999891, 0.014413

BONE 27
OFFSET 17.619251, 8.329862, 47.280319
SCALE 1.000000, 1.000000, 1.000000
X 0.770378, -0.621819, 0.140893
Y -0.611712, -0.783123, -0.111660
Z 0.179774, -0.000167, -0.983674

BONE 28
OFFSET 17.618668, -8.333630, 47.279202
SCALE 1.000000, 1.000000, 1.000000
X -0.770407, -0.621775, -0.140729
Y 0.611646, -0.783154, 0.111775
Z -0.179717, 0.000038, 0.983718

BONE 29
OFFSET 17.592993, 8.143809, 46.191677
SCALE 1.000000, 1.000000, 1.000000
X 0.786591, -0.616944, 0.025650
Y -0.616625, -0.787028, -0.019839
Z 0.032426, -0.000211, -0.999493

BONE 30
OFFSET 17.592354, -8.147778, 46.190498
SCALE 1.000000, 1.000000, 1.000000
X -0.786665, -0.616876, -0.025487
Y 0.616553, -0.787078, 0.019954
Z -0.032369, -0.000017, 0.999476

BONE 31
OFFSET 14.707185, 7.811037, 45.227280
SCALE 1.000000, 1.000000, 1.000000
X 0.860538, -0.066661, -0.504999
Y -0.090723, -0.995563, -0.023172
Z -0.501236, 0.065756, -0.862762

BONE 32
OFFSET 14.706535, -7.814958, 45.226192
SCALE 1.000000, 1.000000, 1.000000
X -0.860469, -0.066485, 0.505060
Y 0.090633, -0.995563, 0.023358
Z 0.501290, 0.065876, 0.862764

BONE 33
OFFSET 14.878077, 7.951204, 45.906010
SCALE 1.000000, 1.000000, 1.000000
X 0.972227, -0.030481, -0.232045
Y -0.040545, -0.998379, -0.038725
Z -0.230500, 0.047058, -0.971885

BONE 34
OFFSET 14.877447, -7.955008, 45.904968
SCALE 1.000000, 1.000000, 1.000000
X -0.972165, -0.030347, 0.232106
Y 0.040456, -0.998372, 0.038914
Z 0.230559, 0.047223, 0.971911

BONE 35
OFFSET 14.149081, 7.628969, 47.227375
SCALE 1.000000, 1.000000, 1.000000
X 0.614043, -0.475435, 0.630000
Y -0.500897, 0.382135, 0.776564
Z -0.609951, -0.792409, -0.003497

BONE 36
OFFSET 14.148565, -7.632444, 47.226288
SCALE 1.000000, 1.000000, 1.000000
X -0.614083, -0.475499, -0.629872
Y 0.500887, 0.381942, -0.776665
Z 0.609877, -0.792463, 0.003651

BONE 37
OFFSET 16.721926, 7.448292, 48.054024
SCALE 1.000000, 1.000000, 1.000000
X 0.946248, -0.301269, -0.117684
Y 0.309141, 0.949412, 0.055191
Z 0.095103, -0.088606, 0.991516

BONE 38
OFFSET 16.721083, -7.419562, 48.052830
SCALE 1.000000, 1.000000, 1.000000
X -0.946222, -0.301160, 0.117796
Y -0.309057, 0.949430, -0.055355
Z -0.095167, -0.088787, -0.991447

BONE 39
OFFSET 16.493498, 6.451229, 45.911476
SCALE 1.000000, 1.000000, 1.000000
X -0.281331, 0.000222, -0.959588
Y 0.023571, 0.999700, -0.006679
Z 0.959299, -0.024498, -0.281252

BONE 40
OFFSET 16.492998, -6.455149, 45.910011
SCALE 1.000000, 1.000000, 1.000000
X -0.281344, 0.000457, -0.959587
Y 0.023801, 0.999696, -0.006502
Z 0.959292, -0.024669, -0.281270

BONE 41
OFFSET 10.528536, 0.000406, 51.872173
SCALE 1.000000, 1.000000, 1.000000
X 0.000097, -0.999975, 0.000153
Y 0.999975, 0.000097, 0.000031
Z -0.000031, 0.000153, 1.000000

BONE 42
OFFSET 10.528980, -0.002655, 51.869850
SCALE 1.000000, 1.000000, 1.000000
X -0.000111, -0.999995, -0.000015
Y 0.998872, -0.000110, -0.047377
Z 0.047377, -0.000020, 0.998877

BONE 43
OFFSET 18.975611, 7.235037, 47.528385
SCALE 1.000000, 1.000000, 1.000000
X 0.426104, -0.903288, 0.049574
Y -0.880171, -0.426529, -0.207968
Z 0.209011, 0.044976, -0.976793

BONE 44
OFFSET 18.975147, -7.238876, 47.526966
SCALE 1.000000, 1.000000, 1.000000
X -0.426102, -0.903257, -0.049376
Y 0.880142, -0.426567, 0.207999
Z -0.208951, 0.045182, 0.976881

BONE 45
OFFSET 19.129646, 6.938585, 46.241783
SCALE 1.000000, 1.000000, 1.000000
X 0.028182, -0.999554, -0.010737
Y -0.999570, -0.028295, 0.008827
Z -0.009127, 0.010483, -0.999922

BONE 46
OFFSET 19.129114, -6.942691, 46.240307
SCALE 1.000000, 1.000000, 1.000000
X -0.028289, -0.999548, 0.010930
Y 0.999565, -0.028387, -0.008879
Z 0.009185, 0.010674, 0.999901

BONE 47
OFFSET 16.702551, 7.529599, 44.215420
SCALE 1.000000, 1.000000, 1.000000
X 0.856308, -0.436546, -0.275968
Y -0.415442, -0.899641, 0.134093
Z -0.306821, -0.000174, -0.951727

BONE 48
OFFSET 16.701878, -7.533882, 44.214172
SCALE 1.000000, 1.000000, 1.000000
X -0.856290, -0.436414, 0.276100
Y 0.415351, -0.899701, -0.133944
Z 0.306875, -0.000019, 0.951749

BONE 49
OFFSET 17.368010, 7.901118, 45.160244
SCALE 1.000000, 1.000000, 1.000000
X 0.831799, -0.508786, -0.221880
Y -0.491539, -0.860790, 0.131350
Z -0.257844, -0.000188, -0.966090

BONE 50
OFFSET 17.367350, -7.905281, 45.159046
SCALE 1.000000, 1.000000, 1.000000
X -0.831735, -0.508667, 0.222025
Y 0.491452, -0.860857, -0.131212
Z 0.257898, -0.000026, 0.966170

BONE 51
OFFSET 15.390184, 6.597044, 48.664204
SCALE 1.000000, 1.000000, 1.000000
X 0.914600, -0.402905, 0.034285
Y -0.079033, -0.094967, 0.992342
Z -0.396563, -0.910305, -0.118700

BONE 52
OFFSET 15.389853, -6.600350, 48.662857
SCALE 1.000000, 1.000000, 1.000000
X -0.914641, -0.402828, -0.034156
Y 0.078968, -0.095163, -0.992326
Z 0.396485, -0.910317, 0.118847

BONE 53
OFFSET 19.480896, 6.134137, 47.647999
SCALE 1.000000, 1.000000, 1.000000
X 0.139903, -0.988382, 0.058792
Y -0.965301, -0.149284, -0.214036
Z 0.220338, -0.026818, -0.974970

BONE 54
OFFSET 19.480534, -6.138000, 47.646324
SCALE 1.000000, 1.000000, 1.000000
X -0.139911, -0.988378, -0.058594
Y 0.965298, -0.149330, 0.214009
Z -0.220284, -0.026611, 0.975072

BONE 55
OFFSET 19.170822, 5.478614, 46.226101
SCALE 1.000000, 1.000000, 1.000000
X -0.530245, -0.847825, 0.002885
Y -0.845543, 0.529077, 0.071599
Z -0.062231, 0.035526, -0.997413

BONE 56
OFFSET 19.170460, -5.482734, 46.224312
SCALE 1.000000, 1.000000, 1.000000
X 0.530184, -0.847873, -0.002753
Y 0.845586, 0.528987, -0.071749
Z 0.062291, 0.035712, 0.997419

BONE 57
OFFSET 17.914898, 6.911531, 43.824703
SCALE 1.000000, 1.000000, 1.000000
X 0.129563, -0.990975, -0.033704
Y -0.958709, -0.133822, 0.250816
Z -0.253070, -0.000178, -0.967394

BONE 58
OFFSET 17.914268, -6.916016, 43.823292
SCALE 1.000000, 1.000000, 1.000000
X -0.129596, -0.990955, 0.033901
Y 0.958681, -0.133956, -0.250844
Z 0.253125, -0.000015, 0.967433

BONE 59
OFFSET 18.784136, 7.034868, 44.782478
SCALE 1.000000, 1.000000, 1.000000
X 0.018807, -0.999786, 0.002180
Y -0.972619, -0.017721, 0.231571
Z -0.231491, -0.006468, -0.972743

BONE 60
OFFSET 18.783550, -7.039231, 44.781033
SCALE 1.000000, 1.000000, 1.000000
X -0.018826, -0.999783, -0.001987
Y 0.972603, -0.017853, -0.231623
Z 0.231545, -0.006302, 0.972803

BONE 61
OFFSET 16.826982, 5.850340, 48.647064
SCALE 1.000000, 1.000000, 1.000000
X 0.780321, -0.439682, -0.444735
Y 0.353908, -0.275882, 0.893701
Z -0.515615, -0.854770, -0.059680

BONE 62
OFFSET 16.826704, -5.853770, 48.645485
SCALE 1.000000, 1.000000, 1.000000
X -0.780383, -0.439525, 0.444863
Y -0.353984, -0.276019, -0.893626
Z 0.515539, -0.854804, 0.059766

BONE 63
OFFSET 18.029751, 6.032877, 43.794823
SCALE 1.000000, 1.000000, 1.000000
X -0.508592, -0.843957, 0.170498
Y -0.800278, 0.536410, 0.267989
Z -0.317628, -0.000148, -0.948215

BONE 64
OFFSET 18.029177, -6.037369, 43.793236
SCALE 1.000000, 1.000000, 1.000000
X 0.508507, -0.844035, -0.170364
Y 0.800311, 0.536286, -0.268137
Z 0.317682, 0.000005, 0.948197

BONE 65
OFFSET 18.810154, 5.649186, 44.785500
SCALE 1.000000, 1.000000, 1.000000
X -0.560842, -0.817025, 0.133429
Y -0.794918, 0.576573, 0.188773
Z -0.231168, -0.000185, -0.972834

BONE 66
OFFSET 18.809689, -5.653567, 44.783779
SCALE 1.000000, 1.000000, 1.000000
X 0.560839, -0.817101, -0.133304
Y 0.794959, 0.576465, -0.188929
Z 0.231223, -0.000020, 0.972900

NUMVERTS 5096
VERT 0
OFFSET 11.461822, -7.037577, 46.171673
BONES 1
BONE 26 1.000000

VERT 1
OFFSET 11.513764, -6.998001, 46.688976
BONES 1
BONE 26 1.000000

VERT 2
OFFSET 11.555932, -7.196957, 45.753090
BONES 1
BONE 26 1.000000

VERT 3
OFFSET 11.780849, -7.326688, 47.354294
BONES 1
BONE 26 1.000000

VERT 4
OFFSET 11.832452, -8.060958, 44.817612
BONES 1
BONE 26 1.000000

VERT 5
OFFSET 11.778954, -7.357754, 45.292881
BONES 1
BONE 26 1.000000

VERT 6
OFFSET 11.817163, -7.544034, 45.019707
BONES 1
BONE 26 1.000000

VERT 7
OFFSET 11.855008, -8.578085, 44.826023
BONES 1
BONE 26 1.000000

VERT 8
OFFSET 11.863502, -8.847260, 44.958759
BONES 1
BONE 26 1.000000

VERT 9
OFFSET 11.857276, -8.294662, 47.921810
BONES 1
BONE 26 1.000000

VERT 10
OFFSET 11.824719, -7.807013, 47.867920
BONES 1
BONE 26 1.000000

VERT 11
OFFSET 12.992589, -7.174565, 47.645805
BONES 1
BONE 26 1.000000

VERT 12
OFFSET 12.994416, -7.547757, 47.947506
BONES 1
BONE 26 1.000000

VERT 13
OFFSET 12.860836, -7.296263, 47.611256
BONES 1
BONE 26 1.000000

VERT 14
OFFSET 12.888649, -7.653679, 47.881542
BONES 1
BONE 26 1.000000

VERT 15
OFFSET 12.691960, -7.381191, 47.595490
BONES 1
BONE 26 1.000000

VERT 16
OFFSET 12.724561, -7.701085, 47.890591
BONES 1
BONE 26 1.000000

VERT 17
OFFSET 12.306649, -7.375277, 47.647923
BONES 1
BONE 26 1.000000

VERT 18
OFFSET 12.353228, -7.775029, 47.923450
BONES 1
BONE 26 1.000000

VERT 19
OFFSET 12.115914, -7.737127, 47.954056
BONES 1
BONE 26 1.000000

VERT 20
OFFSET 12.065713, -7.382122, 47.676311
BONES 1
BONE 26 1.000000

VERT 21
OFFSET 11.903860, -7.413933, 47.717232
BONES 1
BONE 26 1.000000

VERT 22
OFFSET 11.933095, -7.746141, 47.986553
BONES 1
BONE 26 1.000000

VERT 23
OFFSET 11.808316, -7.513789, 47.625217
BONES 1
BONE 26 1.000000

VERT 24
OFFSET 11.968155, -8.279795, 48.064526
BONES 1
BONE 26 1.000000

VERT 25
OFFSET 12.150132, -8.273869, 48.067501
BONES 1
BONE 26 1.000000

VERT 26
OFFSET 12.385194, -8.252263, 48.067863
BONES 1
BONE 26 1.000000

VERT 27
OFFSET 12.770842, -8.190513, 48.007557
BONES 1
BONE 26 1.000000

VERT 28
OFFSET 12.802516, -8.582803, 47.994839
BONES 1
BONE 26 1.000000

VERT 29
OFFSET 12.417159, -8.729497, 47.982018
BONES 1
BONE 26 1.000000

VERT 30
OFFSET 12.184346, -8.810613, 47.943382
BONES 1
BONE 26 1.000000

VERT 31
OFFSET 11.970881, -8.885410, 44.825611
BONES 1
BONE 26 1.000000

VERT 32
OFFSET 11.934077, -8.594749, 44.648819
BONES 1
BONE 26 1.000000

VERT 33
OFFSET 11.907335, -8.070196, 44.588409
BONES 1
BONE 26 1.000000

VERT 34
OFFSET 11.905252, -7.986504, 44.669319
BONES 1
BONE 26 1.000000

VERT 35
OFFSET 11.916291, -7.449402, 44.877377
BONES 1
BONE 26 1.000000

VERT 36
OFFSET 12.091092, -7.834944, 44.599720
BONES 1
BONE 26 1.000000

VERT 37
OFFSET 12.083278, -7.422169, 44.841137
BONES 1
BONE 26 1.000000

VERT 38
OFFSET 12.320157, -7.598645, 44.655704
BONES 1
BONE 26 1.000000

VERT 39
OFFSET 12.310402, -7.449685, 44.866299
BONES 1
BONE 26 1.000000

VERT 40
OFFSET 12.550256, -7.469367, 44.794548
BONES 1
BONE 26 1.000000

VERT 41
OFFSET 12.560553, -7.587581, 44.639572
BONES 1
BONE 26 1.000000

VERT 42
OFFSET 12.556897, -7.693373, 44.552979
BONES 1
BONE 26 1.000000

VERT 43
OFFSET 12.326562, -7.729360, 44.583851
BONES 1
BONE 26 1.000000

VERT 44
OFFSET 12.093447, -7.923959, 44.524479
BONES 1
BONE 26 1.000000

VERT 45
OFFSET 12.121601, -8.084394, 44.540413
BONES 1
BONE 26 1.000000

VERT 46
OFFSET 12.349514, -7.867629, 44.612194
BONES 1
BONE 26 1.000000

VERT 47
OFFSET 12.577560, -7.802195, 44.592297
BONES 1
BONE 26 1.000000

VERT 48
OFFSET 12.461776, -9.509356, 47.628719
BONES 1
BONE 26 1.000000

VERT 49
OFFSET 12.133574, -8.860467, 44.814896
BONES 1
BONE 26 1.000000

VERT 50
OFFSET 12.120198, -8.528151, 44.608097
BONES 1
BONE 26 1.000000

VERT 51
OFFSET 12.347596, -8.456502, 44.598125
BONES 1
BONE 26 1.000000

VERT 52
OFFSET 12.372117, -8.028857, 44.607906
BONES 1
BONE 26 1.000000

VERT 53
OFFSET 12.585592, -8.003801, 44.616085
BONES 1
BONE 26 1.000000

VERT 54
OFFSET 12.455287, -9.332924, 45.189972
BONES 1
BONE 26 1.000000

VERT 55
OFFSET 12.391297, -8.824880, 44.828735
BONES 1
BONE 26 1.000000

VERT 56
OFFSET 12.493595, -7.058863, 44.947426
BONES 1
BONE 26 1.000000

VERT 57
OFFSET 12.749209, -6.807804, 45.410885
BONES 1
BONE 26 1.000000

VERT 58
OFFSET 12.468045, -6.845542, 45.377094
BONES 1
BONE 26 1.000000

VERT 59
OFFSET 12.216437, -6.946658, 45.350403
BONES 1
BONE 26 1.000000

VERT 60
OFFSET 12.241562, -7.177059, 44.992279
BONES 1
BONE 26 1.000000

VERT 61
OFFSET 12.187939, -6.848995, 45.957092
BONES 1
BONE 26 1.000000

VERT 62
OFFSET 12.441753, -6.809368, 45.953152
BONES 1
BONE 26 1.000000

VERT 63
OFFSET 12.673943, -6.726637, 46.018940
BONES 1
BONE 26 1.000000

VERT 64
OFFSET 12.374968, -6.858009, 46.472343
BONES 1
BONE 26 1.000000

VERT 65
OFFSET 12.098413, -6.876262, 46.479202
BONES 1
BONE 26 1.000000

VERT 66
OFFSET 12.093942, -6.964966, 46.844246
BONES 1
BONE 26 1.000000

VERT 67
OFFSET 12.159451, -6.922926, 47.040630
BONES 1
BONE 26 1.000000

VERT 68
OFFSET 12.283893, -6.874542, 47.115547
BONES 1
BONE 26 1.000000

VERT 69
OFFSET 12.410748, -6.828860, 47.082874
BONES 1
BONE 26 1.000000

VERT 70
OFFSET 12.518725, -6.808349, 46.957935
BONES 1
BONE 26 1.000000

VERT 71
OFFSET 12.615749, -6.817058, 46.542969
BONES 1
BONE 26 1.000000

VERT 72
OFFSET 12.528554, -7.303569, 44.845322
BONES 1
BONE 26 1.000000

VERT 73
OFFSET 12.286069, -7.308465, 44.909302
BONES 1
BONE 26 1.000000

VERT 74
OFFSET 12.070517, -7.316388, 44.960773
BONES 1
BONE 26 1.000000

VERT 75
OFFSET 11.882617, -7.276490, 45.110569
BONES 1
BONE 26 1.000000

VERT 76
OFFSET 11.870216, -7.217075, 45.188641
BONES 1
BONE 26 1.000000

VERT 77
OFFSET 11.703218, -7.076255, 45.689545
BONES 1
BONE 26 1.000000

VERT 78
OFFSET 11.626221, -6.911369, 46.155258
BONES 1
BONE 26 1.000000

VERT 79
OFFSET 11.653360, -6.886038, 46.699215
BONES 1
BONE 26 1.000000

VERT 80
OFFSET 11.863396, -7.193587, 47.435677
BONES 1
BONE 26 1.000000

VERT 81
OFFSET 12.022879, -7.155389, 47.410168
BONES 1
BONE 26 1.000000

VERT 82
OFFSET 11.988055, -6.858383, 46.649235
BONES 1
BONE 26 1.000000

VERT 83
OFFSET 11.991304, -6.858264, 46.163029
BONES 1
BONE 26 1.000000

VERT 84
OFFSET 11.993896, -7.014741, 45.658062
BONES 1
BONE 26 1.000000

VERT 85
OFFSET 12.041739, -7.164310, 45.194096
BONES 1
BONE 26 1.000000

VERT 86
OFFSET 12.252022, -7.123510, 45.140545
BONES 1
BONE 26 1.000000

VERT 87
OFFSET 12.538605, -7.142412, 45.051765
BONES 1
BONE 26 1.000000

VERT 88
OFFSET 12.732862, -6.907709, 45.588943
BONES 1
BONE 26 1.000000

VERT 89
OFFSET 12.653571, -7.066628, 45.625835
BONES 1
BONE 26 1.000000

VERT 90
OFFSET 12.264512, -6.994519, 45.633461
BONES 1
BONE 26 1.000000

VERT 91
OFFSET 12.242290, -6.863273, 46.188702
BONES 1
BONE 26 1.000000

VERT 92
OFFSET 12.240122, -6.875589, 46.649811
BONES 1
BONE 26 1.000000

VERT 93
OFFSET 12.255335, -7.120062, 47.334946
BONES 1
BONE 26 1.000000

VERT 94
OFFSET 12.608653, -7.084324, 47.198032
BONES 1
BONE 26 1.000000

VERT 95
OFFSET 12.540081, -6.839763, 46.623325
BONES 1
BONE 26 1.000000

VERT 96
OFFSET 12.551046, -6.814353, 46.159721
BONES 1
BONE 26 1.000000

VERT 97
OFFSET 12.727264, -6.769835, 46.141777
BONES 1
BONE 26 1.000000

VERT 98
OFFSET 12.794197, -6.818622, 46.656734
BONES 1
BONE 26 1.000000

VERT 99
OFFSET 12.846280, -6.960437, 47.243591
BONES 1
BONE 26 1.000000

VERT 100
OFFSET 12.957423, -6.855293, 47.255089
BONES 1
BONE 26 1.000000

VERT 101
OFFSET 12.929532, -6.750235, 46.668842
BONES 1
BONE 26 1.000000

VERT 102
OFFSET 12.748726, -6.740793, 45.416653
BONES 1
BONE 26 1.000000

VERT 103
OFFSET 12.669477, -6.660655, 46.006287
BONES 1
BONE 26 1.000000

VERT 104
OFFSET 12.621359, -6.750968, 46.532482
BONES 1
BONE 26 1.000000

VERT 105
OFFSET 12.519485, -6.742034, 46.946838
BONES 1
BONE 26 1.000000

VERT 106
OFFSET 12.411506, -6.762548, 47.071781
BONES 1
BONE 26 1.000000

VERT 107
OFFSET 12.284648, -6.808229, 47.104458
BONES 1
BONE 26 1.000000

VERT 108
OFFSET 12.160206, -6.856614, 47.029545
BONES 1
BONE 26 1.000000

VERT 109
OFFSET 12.094701, -6.898653, 46.833149
BONES 1
BONE 26 1.000000

VERT 110
OFFSET 12.108884, -6.810760, 46.469322
BONES 1
BONE 26 1.000000

VERT 111
OFFSET 12.183470, -6.783014, 45.944435
BONES 1
BONE 26 1.000000

VERT 112
OFFSET 12.215957, -6.879650, 45.356167
BONES 1
BONE 26 1.000000

VERT 113
OFFSET 12.242040, -7.158681, 44.969734
BONES 1
BONE 26 1.000000

VERT 114
OFFSET 12.497792, -7.045962, 44.912651
BONES 1
BONE 26 1.000000

VERT 115
OFFSET 12.467566, -6.778533, 45.382866
BONES 1
BONE 26 1.000000

VERT 116
OFFSET 12.427659, -6.680954, 45.937881
BONES 1
BONE 26 1.000000

VERT 117
OFFSET 12.382360, -6.731461, 46.460648
BONES 1
BONE 26 1.000000

VERT 118
OFFSET 11.461822, 7.037577, 46.171673
BONES 1
BONE 25 1.000000

VERT 119
OFFSET 11.555932, 7.196957, 45.753090
BONES 1
BONE 25 1.000000

VERT 120
OFFSET 11.513764, 6.998001, 46.688976
BONES 1
BONE 25 1.000000

VERT 121
OFFSET 11.780849, 7.326688, 47.354294
BONES 1
BONE 25 1.000000

VERT 122
OFFSET 11.832452, 8.060958, 44.817612
BONES 1
BONE 25 1.000000

VERT 123
OFFSET 11.778954, 7.357754, 45.292881
BONES 1
BONE 25 1.000000

VERT 124
OFFSET 11.817163, 7.544034, 45.019707
BONES 1
BONE 25 1.000000

VERT 125
OFFSET 11.855008, 8.578085, 44.826023
BONES 1
BONE 25 1.000000

VERT 126
OFFSET 11.863502, 8.847260, 44.958759
BONES 1
BONE 25 1.000000

VERT 127
OFFSET 11.969098, 9.974669, 46.009174
BONES 1
BONE 25 1.000000

VERT 128
OFFSET 11.910567, 9.478631, 45.249100
BONES 1
BONE 25 1.000000

VERT 129
OFFSET 11.937803, 9.749384, 47.442455
BONES 1
BONE 25 1.000000

VERT 130
OFFSET 11.857276, 8.294662, 47.921810
BONES 1
BONE 25 1.000000

VERT 131
OFFSET 11.824719, 7.807013, 47.867920
BONES 1
BONE 25 1.000000

VERT 132
OFFSET 11.897237, 8.909669, 47.778126
BONES 1
BONE 25 1.000000

VERT 133
OFFSET 11.963003, 10.170639, 46.655655
BONES 1
BONE 25 1.000000

VERT 134
OFFSET 11.957011, 10.069498, 47.079021
BONES 1
BONE 25 1.000000

VERT 135
OFFSET 12.560553, 7.587581, 44.639572
BONES 1
BONE 25 1.000000

VERT 136
OFFSET 12.550256, 7.469367, 44.794548
BONES 1
BONE 25 1.000000

VERT 137
OFFSET 12.320157, 7.598645, 44.655704
BONES 1
BONE 25 1.000000

VERT 138
OFFSET 12.310402, 7.449685, 44.866299
BONES 1
BONE 25 1.000000

VERT 139
OFFSET 12.083278, 7.422169, 44.841137
BONES 1
BONE 25 1.000000

VERT 140
OFFSET 12.091092, 7.834944, 44.599720
BONES 1
BONE 25 1.000000

VERT 141
OFFSET 11.916291, 7.449402, 44.877377
BONES 1
BONE 25 1.000000

VERT 142
OFFSET 11.905252, 7.986504, 44.669319
BONES 1
BONE 25 1.000000

VERT 143
OFFSET 11.907335, 8.070196, 44.588409
BONES 1
BONE 25 1.000000

VERT 144
OFFSET 11.934077, 8.594749, 44.648819
BONES 1
BONE 25 1.000000

VERT 145
OFFSET 11.970881, 8.885410, 44.825611
BONES 1
BONE 25 1.000000

VERT 146
OFFSET 12.017678, 9.495886, 45.183708
BONES 1
BONE 25 1.000000

VERT 147
OFFSET 12.082880, 10.054069, 45.987312
BONES 1
BONE 25 1.000000

VERT 148
OFFSET 12.077305, 10.298502, 46.695522
BONES 1
BONE 25 1.000000

VERT 149
OFFSET 12.072003, 10.173394, 47.164951
BONES 1
BONE 25 1.000000

VERT 150
OFFSET 12.053080, 9.807197, 47.558319
BONES 1
BONE 25 1.000000

VERT 151
OFFSET 12.008453, 8.908077, 47.932743
BONES 1
BONE 25 1.000000

VERT 152
OFFSET 11.968155, 8.279795, 48.064526
BONES 1
BONE 25 1.000000

VERT 153
OFFSET 11.933095, 7.746141, 47.986553
BONES 1
BONE 25 1.000000

VERT 154
OFFSET 11.903860, 7.413933, 47.717232
BONES 1
BONE 25 1.000000

VERT 155
OFFSET 11.808316, 7.513789, 47.625217
BONES 1
BONE 25 1.000000

VERT 156
OFFSET 12.115914, 7.737127, 47.954056
BONES 1
BONE 25 1.000000

VERT 157
OFFSET 12.065713, 7.382122, 47.676311
BONES 1
BONE 25 1.000000

VERT 158
OFFSET 12.306649, 7.375277, 47.647923
BONES 1
BONE 25 1.000000

VERT 159
OFFSET 12.353228, 7.775029, 47.923450
BONES 1
BONE 25 1.000000

VERT 160
OFFSET 12.150132, 8.273869, 48.067501
BONES 1
BONE 25 1.000000

VERT 161
OFFSET 12.184346, 8.810613, 47.943382
BONES 1
BONE 25 1.000000

VERT 162
OFFSET 12.229650, 9.669473, 47.592232
BONES 1
BONE 25 1.000000

VERT 163
OFFSET 12.244838, 10.066990, 47.204594
BONES 1
BONE 25 1.000000

VERT 164
OFFSET 12.247840, 10.219473, 46.721157
BONES 1
BONE 25 1.000000

VERT 165
OFFSET 12.251430, 9.918398, 46.007488
BONES 1
BONE 25 1.000000

VERT 166
OFFSET 12.178780, 9.395778, 45.182999
BONES 1
BONE 25 1.000000

VERT 167
OFFSET 12.133574, 8.860467, 44.814896
BONES 1
BONE 25 1.000000

VERT 168
OFFSET 12.120198, 8.528151, 44.608097
BONES 1
BONE 25 1.000000

VERT 169
OFFSET 12.121601, 8.084394, 44.540413
BONES 1
BONE 25 1.000000

VERT 170
OFFSET 12.093447, 7.923959, 44.524479
BONES 1
BONE 25 1.000000

VERT 171
OFFSET 12.326562, 7.729360, 44.583851
BONES 1
BONE 25 1.000000

VERT 172
OFFSET 12.556897, 7.693373, 44.552979
BONES 1
BONE 25 1.000000

VERT 173
OFFSET 12.577560, 7.802195, 44.592297
BONES 1
BONE 25 1.000000

VERT 174
OFFSET 12.349514, 7.867629, 44.612194
BONES 1
BONE 25 1.000000

VERT 175
OFFSET 12.372117, 8.028857, 44.607906
BONES 1
BONE 25 1.000000

VERT 176
OFFSET 12.585592, 8.003801, 44.616085
BONES 1
BONE 25 1.000000

VERT 177
OFFSET 12.860836, 7.296263, 47.611256
BONES 1
BONE 25 1.000000

VERT 178
OFFSET 12.888649, 7.653679, 47.881542
BONES 1
BONE 25 1.000000

VERT 179
OFFSET 12.691960, 7.381191, 47.595490
BONES 1
BONE 25 1.000000

VERT 180
OFFSET 12.724561, 7.701085, 47.890591
BONES 1
BONE 25 1.000000

VERT 181
OFFSET 12.770842, 8.190513, 48.007557
BONES 1
BONE 25 1.000000

VERT 182
OFFSET 12.385194, 8.252263, 48.067863
BONES 1
BONE 25 1.000000

VERT 183
OFFSET 12.417159, 8.729497, 47.982018
BONES 1
BONE 25 1.000000

VERT 184
OFFSET 12.461776, 9.509356, 47.628719
BONES 1
BONE 25 1.000000

VERT 185
OFFSET 12.472692, 9.950160, 47.253147
BONES 1
BONE 25 1.000000

VERT 186
OFFSET 12.480494, 10.142591, 46.754524
BONES 1
BONE 25 1.000000

VERT 187
OFFSET 12.494541, 9.852186, 45.990265
BONES 1
BONE 25 1.000000

VERT 188
OFFSET 12.455287, 9.332924, 45.189972
BONES 1
BONE 25 1.000000

VERT 189
OFFSET 12.391297, 8.824880, 44.828735
BONES 1
BONE 25 1.000000

VERT 190
OFFSET 12.347596, 8.456502, 44.598125
BONES 1
BONE 25 1.000000

VERT 191
OFFSET 12.802516, 8.582803, 47.994839
BONES 1
BONE 25 1.000000

VERT 192
OFFSET 12.493595, 7.058863, 44.947426
BONES 1
BONE 25 1.000000

VERT 193
OFFSET 12.749209, 6.807804, 45.410885
BONES 1
BONE 25 1.000000

VERT 194
OFFSET 12.468045, 6.845542, 45.377094
BONES 1
BONE 25 1.000000

VERT 195
OFFSET 12.216437, 6.946658, 45.350403
BONES 1
BONE 25 1.000000

VERT 196
OFFSET 12.241562, 7.177059, 44.992279
BONES 1
BONE 25 1.000000

VERT 197
OFFSET 12.187939, 6.848995, 45.957092
BONES 1
BONE 25 1.000000

VERT 198
OFFSET 12.441753, 6.809368, 45.953152
BONES 1
BONE 25 1.000000

VERT 199
OFFSET 12.673943, 6.726637, 46.018940
BONES 1
BONE 25 1.000000

VERT 200
OFFSET 12.374968, 6.858009, 46.472343
BONES 1
BONE 25 1.000000

VERT 201
OFFSET 12.098413, 6.876262, 46.479202
BONES 1
BONE 25 1.000000

VERT 202
OFFSET 12.093942, 6.964966, 46.844246
BONES 1
BONE 25 1.000000

VERT 203
OFFSET 12.159451, 6.922926, 47.040630
BONES 1
BONE 25 1.000000

VERT 204
OFFSET 12.283893, 6.874542, 47.115547
BONES 1
BONE 25 1.000000

VERT 205
OFFSET 12.410748, 6.828860, 47.082874
BONES 1
BONE 25 1.000000

VERT 206
OFFSET 12.518725, 6.808349, 46.957935
BONES 1
BONE 25 1.000000

VERT 207
OFFSET 12.615749, 6.817058, 46.542969
BONES 1
BONE 25 1.000000

VERT 208
OFFSET 12.528554, 7.303569, 44.845322
BONES 1
BONE 25 1.000000

VERT 209
OFFSET 12.286069, 7.308465, 44.909302
BONES 1
BONE 25 1.000000

VERT 210
OFFSET 12.070517, 7.316388, 44.960773
BONES 1
BONE 25 1.000000

VERT 211
OFFSET 11.882617, 7.276490, 45.110569
BONES 1
BONE 25 1.000000

VERT 212
OFFSET 11.870216, 7.217075, 45.188641
BONES 1
BONE 25 1.000000

VERT 213
OFFSET 11.703218, 7.076255, 45.689545
BONES 1
BONE 25 1.000000

VERT 214
OFFSET 11.626221, 6.911369, 46.155258
BONES 1
BONE 25 1.000000

VERT 215
OFFSET 11.653360, 6.886038, 46.699215
BONES 1
BONE 25 1.000000

VERT 216
OFFSET 11.863396, 7.193587, 47.435677
BONES 1
BONE 25 1.000000

VERT 217
OFFSET 12.022879, 7.155389, 47.410168
BONES 1
BONE 25 1.000000

VERT 218
OFFSET 11.988055, 6.858383, 46.649235
BONES 1
BONE 25 1.000000

VERT 219
OFFSET 11.991304, 6.858264, 46.163029
BONES 1
BONE 25 1.000000

VERT 220
OFFSET 11.993896, 7.014741, 45.658062
BONES 1
BONE 25 1.000000

VERT 221
OFFSET 12.041739, 7.164310, 45.194096
BONES 1
BONE 25 1.000000

VERT 222
OFFSET 12.252022, 7.123510, 45.140545
BONES 1
BONE 25 1.000000

VERT 223
OFFSET 12.538605, 7.142412, 45.051765
BONES 1
BONE 25 1.000000

VERT 224
OFFSET 12.732862, 6.907709, 45.588943
BONES 1
BONE 25 1.000000

VERT 225
OFFSET 12.653571, 7.066628, 45.625835
BONES 1
BONE 25 1.000000

VERT 226
OFFSET 12.264512, 6.994519, 45.633461
BONES 1
BONE 25 1.000000

VERT 227
OFFSET 12.242290, 6.863273, 46.188702
BONES 1
BONE 25 1.000000

VERT 228
OFFSET 12.240122, 6.875589, 46.649811
BONES 1
BONE 25 1.000000

VERT 229
OFFSET 12.255335, 7.120062, 47.334946
BONES 1
BONE 25 1.000000

VERT 230
OFFSET 12.608653, 7.084324, 47.198032
BONES 1
BONE 25 1.000000

VERT 231
OFFSET 12.540081, 6.839763, 46.623325
BONES 1
BONE 25 1.000000

VERT 232
OFFSET 12.551046, 6.814353, 46.159721
BONES 1
BONE 25 1.000000

VERT 233
OFFSET 12.727264, 6.769835, 46.141777
BONES 1
BONE 25 1.000000

VERT 234
OFFSET 12.794197, 6.818622, 46.656734
BONES 1
BONE 25 1.000000

VERT 235
OFFSET 12.846280, 6.960437, 47.243591
BONES 1
BONE 25 1.000000

VERT 236
OFFSET 12.957423, 6.855293, 47.255089
BONES 1
BONE 25 1.000000

VERT 237
OFFSET 12.992589, 7.174565, 47.645805
BONES 1
BONE 25 1.000000

VERT 238
OFFSET 12.748726, 6.740793, 45.416653
BONES 1
BONE 25 1.000000

VERT 239
OFFSET 12.669477, 6.660655, 46.006287
BONES 1
BONE 25 1.000000

VERT 240
OFFSET 12.621359, 6.750968, 46.532482
BONES 1
BONE 25 1.000000

VERT 241
OFFSET 12.519485, 6.742034, 46.946838
BONES 1
BONE 25 1.000000

VERT 242
OFFSET 12.411506, 6.762548, 47.071781
BONES 1
BONE 25 1.000000

VERT 243
OFFSET 12.382360, 6.731461, 46.460648
BONES 1
BONE 25 1.000000

VERT 244
OFFSET 12.427659, 6.680954, 45.937881
BONES 1
BONE 25 1.000000

VERT 245
OFFSET 12.467566, 6.778533, 45.382866
BONES 1
BONE 25 1.000000

VERT 246
OFFSET 12.497792, 7.045962, 44.912651
BONES 1
BONE 25 1.000000

VERT 247
OFFSET 12.242040, 7.158681, 44.969734
BONES 1
BONE 25 1.000000

VERT 248
OFFSET 12.215957, 6.879650, 45.356167
BONES 1
BONE 25 1.000000

VERT 249
OFFSET 12.183470, 6.783014, 45.944435
BONES 1
BONE 25 1.000000

VERT 250
OFFSET 12.108884, 6.810760, 46.469322
BONES 1
BONE 25 1.000000

VERT 251
OFFSET 12.094701, 6.898653, 46.833149
BONES 1
BONE 25 1.000000

VERT 252
OFFSET 12.160206, 6.856614, 47.029545
BONES 1
BONE 25 1.000000

VERT 253
OFFSET 12.284648, 6.808229, 47.104458
BONES 1
BONE 25 1.000000

VERT 254
OFFSET 18.460548, 8.008715, 46.780128
BONES 1
BONE 27 1.000000

VERT 255
OFFSET 18.738342, 7.753159, 46.832809
BONES 1
BONE 27 1.000000

VERT 256
OFFSET 19.001322, 7.387834, 46.860340
BONES 1
BONE 27 1.000000

VERT 257
OFFSET 18.917208, 7.425438, 48.094242
BONES 1
BONE 27 1.000000

VERT 258
OFFSET 19.313404, 7.750046, 47.530235
BONES 1
BONE 27 1.000000

VERT 259
OFFSET 19.354986, 7.716542, 47.166378
BONES 1
BONE 27 1.000000

VERT 260
OFFSET 18.927252, 8.041179, 47.020538
BONES 1
BONE 27 1.000000

VERT 261
OFFSET 18.627373, 8.266380, 46.939869
BONES 1
BONE 27 1.000000

VERT 262
OFFSET 18.524588, 8.347230, 46.911301
BONES 1
BONE 27 1.000000

VERT 263
OFFSET 18.609905, 8.411754, 47.332657
BONES 1
BONE 27 1.000000

VERT 264
OFFSET 18.711128, 8.362673, 47.354713
BONES 1
BONE 27 1.000000

VERT 265
OFFSET 18.928461, 8.106156, 47.420139
BONES 1
BONE 27 1.000000

VERT 266
OFFSET 18.877934, 8.115990, 47.756081
BONES 1
BONE 27 1.000000

VERT 267
OFFSET 18.606895, 8.330414, 47.744240
BONES 1
BONE 27 1.000000

VERT 268
OFFSET 18.504999, 8.430825, 47.723915
BONES 1
BONE 27 1.000000

VERT 269
OFFSET 18.367647, 8.632542, 47.659599
BONES 1
BONE 27 1.000000

VERT 270
OFFSET 18.369749, 8.615026, 47.280556
BONES 1
BONE 27 1.000000

VERT 271
OFFSET 18.244251, 8.778874, 47.255249
BONES 1
BONE 27 1.000000

VERT 272
OFFSET 18.220573, 8.758373, 47.559528
BONES 1
BONE 27 1.000000

VERT 273
OFFSET 18.169270, 8.106936, 48.048920
BONES 1
BONE 27 1.000000

VERT 274
OFFSET 18.299261, 8.005874, 48.047310
BONES 1
BONE 27 1.000000

VERT 275
OFFSET 18.564734, 7.789811, 48.055374
BONES 1
BONE 27 1.000000

VERT 276
OFFSET 19.274401, 7.712523, 47.826397
BONES 1
BONE 27 1.000000

VERT 277
OFFSET 18.198200, 7.452198, 48.086315
BONES 1
BONE 27 1.000000

VERT 278
OFFSET 18.673347, 8.628328, 47.248623
BONES 1
BONE 27 1.000000

VERT 279
OFFSET 18.599907, 8.641241, 47.214890
BONES 1
BONE 27 1.000000

VERT 280
OFFSET 18.662386, 8.463179, 47.169353
BONES 1
BONE 27 1.000000

VERT 281
OFFSET 18.706799, 8.622600, 47.276093
BONES 1
BONE 27 1.000000

VERT 282
OFFSET 18.591600, 8.582589, 47.310062
BONES 1
BONE 27 1.000000

VERT 283
OFFSET 18.491276, 8.614219, 47.289902
BONES 1
BONE 27 1.000000

VERT 284
OFFSET 18.482790, 8.694803, 47.201462
BONES 1
BONE 27 1.000000

VERT 285
OFFSET 18.543915, 8.558483, 47.111160
BONES 1
BONE 27 1.000000

VERT 286
OFFSET 18.573803, 8.317754, 47.085777
BONES 1
BONE 27 1.000000

VERT 287
OFFSET 18.447689, 8.471189, 47.049736
BONES 1
BONE 27 1.000000

VERT 288
OFFSET 18.409245, 8.668325, 47.107300
BONES 1
BONE 27 1.000000

VERT 289
OFFSET 18.335424, 8.609151, 47.075588
BONES 1
BONE 27 1.000000

VERT 290
OFFSET 18.252821, 8.713167, 47.123543
BONES 1
BONE 27 1.000000

VERT 291
OFFSET 18.344656, 8.773170, 47.154259
BONES 1
BONE 27 1.000000

VERT 292
OFFSET 18.212706, 8.759798, 47.193813
BONES 1
BONE 27 1.000000

VERT 293
OFFSET 18.302473, 8.810527, 47.211411
BONES 1
BONE 27 1.000000

VERT 294
OFFSET 18.235834, 8.835536, 47.329048
BONES 1
BONE 27 1.000000

VERT 295
OFFSET 18.173151, 8.799558, 47.325531
BONES 1
BONE 27 1.000000

VERT 296
OFFSET 18.253202, 8.802291, 47.474140
BONES 1
BONE 27 1.000000

VERT 297
OFFSET 18.187231, 8.763612, 47.483234
BONES 1
BONE 27 1.000000

VERT 298
OFFSET 18.281954, 8.753188, 47.550781
BONES 1
BONE 27 1.000000

VERT 299
OFFSET 18.218237, 8.712796, 47.564953
BONES 1
BONE 27 1.000000

VERT 300
OFFSET 18.328402, 8.677601, 47.607254
BONES 1
BONE 27 1.000000

VERT 301
OFFSET 18.451376, 8.552373, 47.672462
BONES 1
BONE 27 1.000000

VERT 302
OFFSET 18.380327, 8.488791, 47.709499
BONES 1
BONE 27 1.000000

VERT 303
OFFSET 18.596039, 8.459478, 47.660114
BONES 1
BONE 27 1.000000

VERT 304
OFFSET 18.508148, 8.332777, 47.732620
BONES 1
BONE 27 1.000000

VERT 305
OFFSET 18.647507, 8.432482, 47.625069
BONES 1
BONE 27 1.000000

VERT 306
OFFSET 18.576319, 8.257893, 47.682800
BONES 1
BONE 27 1.000000

VERT 307
OFFSET 18.660269, 8.171022, 47.590157
BONES 1
BONE 27 1.000000

VERT 308
OFFSET 18.762720, 8.426682, 47.543766
BONES 1
BONE 27 1.000000

VERT 309
OFFSET 18.710039, 8.129042, 47.444572
BONES 1
BONE 27 1.000000

VERT 310
OFFSET 18.808792, 8.411922, 47.433144
BONES 1
BONE 27 1.000000

VERT 311
OFFSET 18.692308, 8.163123, 47.289528
BONES 1
BONE 27 1.000000

VERT 312
OFFSET 18.785940, 8.421283, 47.311062
BONES 1
BONE 27 1.000000

VERT 313
OFFSET 18.636490, 8.237215, 47.171188
BONES 1
BONE 27 1.000000

VERT 314
OFFSET 18.702454, 8.434855, 47.210773
BONES 1
BONE 27 1.000000

VERT 315
OFFSET 18.732496, 8.612942, 47.332760
BONES 1
BONE 27 1.000000

VERT 316
OFFSET 18.747549, 8.618853, 47.418865
BONES 1
BONE 27 1.000000

VERT 317
OFFSET 18.715178, 8.617046, 47.495659
BONES 1
BONE 27 1.000000

VERT 318
OFFSET 18.681633, 8.628791, 47.531769
BONES 1
BONE 27 1.000000

VERT 319
OFFSET 18.642273, 8.637247, 47.549366
BONES 1
BONE 27 1.000000

VERT 320
OFFSET 18.550661, 8.656804, 47.564899
BONES 1
BONE 27 1.000000

VERT 321
OFFSET 18.571253, 8.588000, 47.475346
BONES 1
BONE 27 1.000000

VERT 322
OFFSET 18.565535, 8.572865, 47.393147
BONES 1
BONE 27 1.000000

VERT 323
OFFSET 18.467960, 8.600641, 47.375095
BONES 1
BONE 27 1.000000

VERT 324
OFFSET 18.468035, 8.620981, 47.457581
BONES 1
BONE 27 1.000000

VERT 325
OFFSET 18.439861, 8.708484, 47.528946
BONES 1
BONE 27 1.000000

VERT 326
OFFSET 18.405264, 8.755237, 47.494232
BONES 1
BONE 27 1.000000

VERT 327
OFFSET 18.381542, 8.790449, 47.440456
BONES 1
BONE 27 1.000000

VERT 328
OFFSET 18.371197, 8.812441, 47.346661
BONES 1
BONE 27 1.000000

VERT 329
OFFSET 18.398640, 8.785439, 47.259216
BONES 1
BONE 27 1.000000

VERT 330
OFFSET 18.431404, 8.750491, 47.222179
BONES 1
BONE 27 1.000000

VERT 331
OFFSET 19.925896, 5.412624, 47.220013
BONES 1
BONE 53 1.000000

VERT 332
OFFSET 19.644861, 5.408578, 47.116001
BONES 1
BONE 53 1.000000

VERT 333
OFFSET 19.617069, 5.137259, 47.225353
BONES 1
BONE 53 1.000000

VERT 334
OFFSET 19.809439, 5.026311, 47.359077
BONES 1
BONE 53 1.000000

VERT 335
OFFSET 19.514578, 4.905616, 47.545929
BONES 1
BONE 53 1.000000

VERT 336
OFFSET 19.728287, 4.961556, 47.631504
BONES 1
BONE 53 1.000000

VERT 337
OFFSET 19.679573, 5.000638, 47.862949
BONES 1
BONE 53 1.000000

VERT 338
OFFSET 19.415195, 4.923439, 47.829552
BONES 1
BONE 53 1.000000

VERT 339
OFFSET 19.653980, 5.081954, 48.049374
BONES 1
BONE 53 1.000000

VERT 340
OFFSET 19.327446, 5.115201, 48.082184
BONES 1
BONE 53 1.000000

VERT 341
OFFSET 19.608149, 5.398691, 48.112087
BONES 1
BONE 53 1.000000

VERT 342
OFFSET 19.300966, 5.351456, 48.120674
BONES 1
BONE 53 1.000000

VERT 343
OFFSET 19.893497, 5.405055, 47.912128
BONES 1
BONE 53 1.000000

VERT 344
OFFSET 19.779827, 5.056376, 47.869968
BONES 1
BONE 53 1.000000

VERT 345
OFFSET 19.839664, 5.028515, 47.642990
BONES 1
BONE 53 1.000000

VERT 346
OFFSET 19.988918, 5.365484, 47.648029
BONES 1
BONE 53 1.000000

VERT 347
OFFSET 19.135843, 5.331974, 47.398838
BONES 1
BONE 53 1.000000

VERT 348
OFFSET 19.238892, 4.948623, 47.488926
BONES 1
BONE 53 1.000000

VERT 349
OFFSET 19.196060, 5.030723, 47.786781
BONES 1
BONE 53 1.000000

VERT 350
OFFSET 19.092730, 5.373939, 47.784729
BONES 1
BONE 53 1.000000

VERT 351
OFFSET 17.884268, 8.888646, 47.563328
BONES 1
BONE 23 1.000000

VERT 352
OFFSET 15.067740, 9.506305, 47.545753
BONES 1
BONE 23 1.000000

VERT 353
OFFSET 16.337059, 9.356125, 47.445061
BONES 1
BONE 23 1.000000

VERT 354
OFFSET 16.825462, 9.297173, 47.521370
BONES 1
BONE 23 1.000000

VERT 355
OFFSET 17.220543, 9.173726, 47.600883
BONES 1
BONE 23 1.000000

VERT 356
OFFSET 17.621981, 9.131461, 47.430305
